1.78 1.52 6.65 8.18 6.59 2.42 1.67 8.26 5.19 1.15
8.04 3.04 6.11 7.01 8.81 1.92 8.16 9.07 4.76 3.13
5.95 8.67 7.50 3.36 2.82 2.82 7.93 7.59 3.95 5.39
3.52 4.73 5.91 9.18 2.91 2.50 1.59 3.58 9.76 5.78
3.73 7.80 7.82 8.84 4.81 6.63 9.76 2.97 5.70 4.53
5.10 1.65 3.20 2.60 4.01 5.02 4.42 1.93 2.61 7.37
6.32 5.13 2.10 2.23 4.31 4.00 3.73 4.90 6.58 3.50
9.68 9.31 1.30 7.50 8.15 5.10 4.13 7.91 7.07 8.83
2.44 2.16 9.48 4.64 3.76 3.49 8.66 7.18 4.42 1.27
4.56 9.74 5.40 5.65 1.97 8.71 8.65 4.71 3.62 5.23

7.21 3.30 4.54 7.50 9.80 2.69 2.61 3.93 9.60 8.67
2.76 2.04 9.84 2.24 5.68 3.60 4.73 4.34 9.78 8.15
4.62 4.34 7.89 9.02 8.99 8.87 7.73 7.65 3.58 1.35
2.88 9.78 3.65 6.42 7.28 3.45 8.11 8.89 6.38 7.71
7.56 8.14 8.75 7.40 9.38 4.43 1.00 4.10 7.77 9.79
2.25 2.39 4.13 9.14 1.41 3.12 8.01 8.14 9.77 1.59
8.49 2.64 1.37 2.15 8.06 7.65 4.60 6.17 6.54 9.97
3.88 4.11 8.11 2.62 1.51 7.48 6.05 1.51 1.59 3.83
1.29 2.84 5.21 4.42 1.98 5.62 6.54 8.99 3.76 6.30
9.58 2.26 7.95 9.95 3.40 6.01 7.60 7.00 2.18 4.14
