3.41 4.17 5.65 6.14 8.71 7.12 1.84 9.87 7.41 4.89
8.88 1.71 1.78 2.43 1.92 6.72 7.93 1.31 1.09 7.08
8.79 6.81 8.77 7.07 9.14 1.72 4.25 7.65 6.61 5.77
7.83 9.02 8.93 3.48 5.16 7.65 9.59 6.00 7.52 7.01
9.89 6.39 7.72 1.67 7.83 8.64 7.38 5.75 8.94 7.47
2.84 7.73 4.29 1.61 4.81 3.43 2.32 8.06 1.08 7.93
3.83 7.91 6.96 2.76 1.39 2.12 9.41 9.98 7.12 6.92
6.99 7.01 3.32 4.70 7.68 1.14 3.34 5.06 5.90 2.28
2.54 7.73 9.02 5.82 8.34 3.83 8.25 9.66 1.89 8.33
7.59 4.72 6.24 4.55 6.48 6.63 5.67 5.89 6.61 2.79

2.81 3.59 8.80 5.13 7.30 6.48 5.28 9.64 1.54 1.18
1.92 3.08 7.91 9.94 7.90 6.25 3.77 6.15 5.91 4.66
4.49 3.50 8.38 9.73 7.05 4.86 6.36 2.71 9.76 2.97
4.50 2.57 5.57 3.30 6.70 2.87 8.78 1.98 2.51 9.32
2.16 3.43 2.40 9.06 3.37 9.31 5.31 6.14 5.46 1.22
9.80 8.95 3.72 8.18 8.68 9.76 3.05 5.05 2.48 2.80
7.02 5.98 4.37 2.59 8.29 1.08 4.45 7.07 2.06 5.96
6.39 3.21 8.39 7.80 2.28 1.76 7.10 6.59 6.90 2.57
6.81 6.71 1.52 9.53 4.89 9.20 9.29 6.94 4.25 1.77
8.74 1.27 6.75 3.11 2.86 5.03 3.19 6.31 2.10 4.25
