9.86 9.94 5.27 2.09 1.39 1.97 6.52 3.67 8.00 8.90
1.88 3.07 3.01 8.53 1.14 2.25 4.89 6.84 6.53 8.95
3.66 6.21 6.45 2.64 7.88 5.76 5.11 6.96 8.91 8.13
3.38 8.77 8.07 7.65 9.86 8.46 8.62 6.38 2.13 6.62
5.28 3.01 8.70 7.30 1.55 8.84 8.54 5.44 5.68 5.07
4.39 8.34 1.28 9.84 9.98 8.16 5.60 5.08 5.12 4.51
3.22 7.50 3.28 1.29 5.15 3.14 8.75 3.77 8.52 9.88
9.39 3.80 2.89 8.09 1.10 3.44 6.93 8.64 7.88 2.61
3.71 2.27 9.95 3.99 2.11 9.93 2.15 6.71 5.01 6.27
1.22 7.23 3.77 3.49 7.51 7.92 5.63 6.26 1.69 4.16

6.14 1.09 6.96 8.04 8.18 7.06 1.48 5.11 5.70 8.35
6.72 8.42 9.62 6.67 2.41 1.73 6.59 3.56 7.43 1.61
8.84 7.65 7.83 2.61 1.14 5.35 9.53 5.78 1.61 1.23
8.93 6.75 1.32 5.89 4.79 8.49 2.95 5.27 3.60 7.65
3.62 9.32 6.07 3.23 5.99 7.48 3.96 2.58 1.04 1.39
3.19 8.88 8.04 1.02 1.49 8.19 5.37 1.02 3.97 5.98
1.24 2.90 2.73 1.56 7.79 6.52 9.05 9.75 1.79 2.66
7.40 4.40 1.98 3.47 6.64 6.96 9.95 9.60 8.55 9.99
9.99 1.74 8.87 8.03 1.76 9.35 6.22 6.13 9.37 9.19
2.11 9.61 2.09 3.84 1.17 8.88 9.36 9.23 8.63 1.15
