4.29 3.57 7.13 2.92 2.48 7.39 3.57 2.46 1.51 3.10
2.43 8.22 4.40 6.64 4.86 4.31 2.31 9.57 4.83 3.43
1.27 4.12 8.41 5.24 2.17 1.37 5.98 2.80 4.36 5.73
9.66 7.65 8.30 6.79 9.57 9.78 4.19 3.14 2.24 4.70
5.24 3.67 2.92 8.63 9.31 6.78 2.95 1.62 6.35 6.78
4.05 6.62 9.89 2.46 1.86 2.07 2.84 6.84 3.87 6.19
2.57 3.53 3.84 9.87 9.33 3.41 9.66 3.51 5.55 1.90
7.21 9.79 4.57 9.14 8.43 3.88 5.92 1.37 4.51 2.27
7.15 7.55 7.89 7.04 9.02 8.75 8.11 1.85 5.59 1.98
7.05 7.16 4.51 9.89 7.03 3.83 3.30 6.69 6.35 7.86

7.59 3.56 7.65 2.16 2.70 6.08 5.04 7.62 6.45 8.55
8.88 3.60 6.10 6.77 9.64 5.12 5.52 7.75 5.97 1.10
8.73 3.02 7.26 3.24 2.91 4.29 6.08 5.21 9.98 2.42
3.07 7.57 4.99 9.72 8.73 6.69 5.80 3.77 4.30 2.25
2.32 3.19 4.84 7.43 8.96 4.49 2.54 4.47 2.24 7.52
4.57 9.97 9.54 1.83 3.22 2.44 5.12 8.29 6.66 5.10
9.72 8.73 2.67 4.70 8.45 1.40 1.39 4.25 4.17 4.70
5.49 5.49 6.88 9.33 2.92 5.84 3.82 4.46 9.31 5.06
1.98 3.88 5.03 1.51 4.72 7.25 2.96 8.84 5.54 8.61
3.94 5.26 7.34 5.61 8.97 5.79 6.01 9.36 9.03 9.18
