5.40 6.68 5.95 6.21 1.40 4.89 2.35 9.59 8.96 6.21
7.74 2.91 9.77 1.31 8.28 4.66 1.09 5.51 3.66 6.46
6.05 1.49 1.29 2.41 6.50 5.46 7.26 6.92 1.90 1.48
4.94 6.30 7.16 9.89 2.52 7.56 4.77 3.86 7.14 3.74
9.07 4.88 5.65 8.84 5.20 3.93 3.50 5.29 8.44 6.16
1.75 4.49 6.65 2.04 5.90 3.15 6.50 3.16 9.07 7.40
3.64 4.01 3.71 9.80 3.90 5.22 7.35 7.67 8.09 4.50
1.41 7.16 8.38 6.06 6.00 3.58 8.99 8.50 7.86 7.43
4.67 8.61 1.92 1.31 9.65 6.82 3.47 6.16 8.98 2.53
3.56 2.62 5.55 6.27 2.42 8.44 1.49 8.77 6.11 8.58

3.26 6.52 5.74 1.64 2.58 1.74 4.22 1.58 9.24 2.08
8.01 3.91 9.69 8.93 4.22 9.35 5.75 6.69 5.50 4.73
8.22 8.06 6.34 3.77 4.33 7.76 2.21 4.82 6.53 7.32
3.40 8.79 3.85 8.13 9.44 5.43 8.87 3.66 6.00 8.12
4.74 4.01 2.03 4.43 2.94 5.25 3.78 7.68 1.94 8.28
2.41 9.16 6.34 7.75 2.93 9.67 5.51 4.14 4.49 2.04
1.46 6.89 9.83 4.31 5.02 9.27 8.74 3.90 2.93 4.74
2.02 6.66 7.76 3.04 1.10 9.69 7.29 3.87 7.38 8.23
2.16 8.79 7.39 7.50 6.54 9.32 7.17 2.05 3.46 1.67
3.09 3.93 7.55 2.93 7.24 2.58 2.20 5.98 5.47 4.12
