5.89 9.68 2.57 1.92 8.04 3.87 8.55 5.61 2.30 4.39
1.76 4.78 9.27 3.35 1.42 4.98 2.09 3.30 8.31 9.84
7.62 8.03 4.63 7.84 5.38 7.40 6.80 4.11 2.89 8.95
6.16 7.78 8.63 7.73 8.69 6.67 1.60 7.24 2.29 2.90
1.62 3.05 6.68 9.90 5.41 7.10 4.88 6.50 9.40 3.18
6.34 7.02 1.21 9.97 4.86 5.59 7.37 1.66 8.69 9.25
9.62 4.86 7.03 8.25 2.59 5.72 4.92 3.19 2.96 6.21
5.10 3.58 8.26 1.78 3.48 3.67 7.88 7.36 9.17 7.28
9.54 5.50 4.30 9.75 5.47 8.16 5.33 2.83 8.82 4.03
2.08 8.44 7.88 8.11 6.68 9.48 3.83 1.60 2.67 5.79

6.81 6.77 8.37 5.07 7.55 1.85 7.74 5.42 8.21 6.90
2.70 7.74 2.41 6.00 7.49 6.87 4.16 2.82 8.71 2.98
5.85 9.79 1.41 3.73 7.90 7.10 3.21 1.73 7.70 4.88
6.52 4.52 1.64 4.90 8.59 8.19 5.75 6.33 3.61 3.95
3.23 5.31 1.70 4.64 1.31 8.19 1.51 4.46 1.01 9.22
6.44 5.86 9.01 6.85 8.59 6.91 3.95 1.80 7.64 1.66
5.67 4.17 5.17 6.31 8.06 3.76 4.50 3.81 9.09 7.11
6.77 2.32 2.42 7.47 5.95 2.73 5.65 6.46 6.19 5.67
5.68 2.63 1.52 4.69 8.48 9.11 1.59 2.44 9.91 8.24
3.09 5.58 2.41 7.26 1.89 9.47 1.02 5.39 3.28 9.11
