9.75 5.71 8.87 4.48 4.61 9.86 4.37 4.66 6.45 9.15
9.82 8.88 8.35 7.42 1.14 6.72 3.02 2.74 5.74 1.89
6.84 9.59 1.10 6.23 2.38 5.57 8.15 3.04 9.89 1.41
7.01 9.64 6.12 5.87 4.12 9.73 5.73 7.49 4.38 2.18
6.64 4.20 1.07 5.00 1.62 1.21 1.72 3.64 2.95 6.46
4.53 8.79 6.06 4.63 5.01 7.43 9.20 3.16 9.47 9.09
3.57 6.48 8.73 8.69 2.35 2.85 8.42 7.08 9.34 2.80
8.26 5.99 6.00 8.33 9.98 6.62 8.54 1.70 9.25 1.49
7.16 3.78 9.28 3.22 7.41 4.29 9.65 6.62 6.45 9.12
5.71 9.02 5.60 4.44 7.71 6.95 6.28 6.13 4.04 5.63

7.93 2.30 1.61 3.93 9.63 1.59 9.55 8.17 2.29 8.80
8.66 8.46 2.58 7.94 1.68 8.99 2.23 1.33 5.61 7.68
9.46 1.32 6.70 5.06 4.75 4.42 2.01 1.04 9.55 5.05
5.66 7.48 6.35 6.28 1.41 5.99 6.87 9.95 4.16 8.16
8.75 2.82 6.62 1.33 9.76 7.30 9.32 1.98 7.63 4.93
8.66 7.09 5.25 5.37 2.14 9.00 8.78 3.15 9.04 8.33
7.20 4.71 5.80 3.56 9.98 6.21 8.55 6.85 6.16 2.71
5.02 4.91 4.52 1.64 5.24 4.28 7.94 4.56 5.26 5.57
8.50 3.93 2.65 3.75 8.29 3.80 2.75 7.08 5.95 1.80
5.40 3.16 5.50 1.21 5.72 5.49 6.42 4.26 2.34 2.58
