7.89 5.73 5.42 5.21 7.79 5.79 2.18 3.86 7.70 5.85
8.87 1.74 5.82 3.64 3.61 1.53 7.81 9.27 8.19 4.07
9.57 2.57 2.59 4.18 1.46 6.87 3.78 2.31 9.84 3.58
3.31 7.73 8.31 7.73 2.94 6.10 3.52 4.12 8.96 1.22
8.97 7.83 1.96 4.79 1.46 4.57 5.32 8.27 3.84 3.51
2.34 3.42 5.08 3.93 6.60 5.54 9.80 9.38 6.85 9.64
2.97 9.17 7.37 1.28 6.90 9.31 6.38 9.42 3.43 5.34
9.64 2.40 3.17 1.60 6.20 3.63 5.17 1.52 1.91 8.01
4.03 3.25 1.43 8.12 6.18 7.03 3.66 5.98 6.41 9.51
5.62 8.38 8.67 3.00 8.65 5.57 2.31 5.03 4.99 4.74

9.37 4.63 6.14 2.54 5.23 2.34 5.17 9.40 2.86 6.08
7.41 5.89 8.32 7.84 4.01 4.50 4.87 6.66 9.48 1.28
6.17 5.10 8.66 4.85 7.10 7.32 9.42 8.41 2.34 4.41
3.15 1.71 8.04 8.29 3.25 3.27 9.63 7.42 2.66 2.48
3.50 9.07 7.37 1.82 6.92 1.38 5.33 1.79 7.04 4.81
2.08 3.21 8.91 9.74 7.06 6.01 7.05 6.48 4.42 8.40
9.89 6.57 9.11 7.93 4.86 2.36 1.20 4.49 8.78 2.86
5.97 2.28 1.93 3.35 3.11 7.85 3.72 7.43 8.64 9.77
2.24 9.72 2.98 1.15 9.46 9.04 6.16 6.51 5.52 9.59
4.91 5.41 6.16 4.02 3.34 1.02 5.39 3.54 4.51 4.17
