9.78 8.89 9.69 5.33 9.88 8.30 4.85 7.84 4.57 2.47
6.14 1.21 6.09 1.61 6.03 8.66 8.37 5.08 9.68 5.06
5.66 2.63 2.05 8.75 8.84 4.26 1.63 1.70 2.74 2.87
3.89 2.52 1.76 3.58 6.86 1.64 1.88 1.70 8.49 5.45
3.17 4.62 5.66 8.26 5.23 1.69 6.92 3.60 5.77 6.60
7.66 1.43 8.23 8.71 9.18 7.08 2.97 9.81 7.78 4.71
2.68 1.67 6.23 3.44 4.25 3.09 4.09 5.13 3.79 2.57
9.58 5.96 6.20 5.24 4.22 1.43 5.93 1.14 4.03 1.70
6.74 1.69 2.12 4.97 9.40 1.31 2.05 2.36 1.12 8.83
6.07 2.80 9.50 2.30 5.24 3.74 4.38 8.33 7.87 7.17

9.90 7.45 3.13 6.10 2.68 6.35 6.53 7.61 6.49 9.56
8.30 3.23 1.26 9.43 7.20 9.65 9.73 8.25 2.02 9.85
7.07 7.09 2.65 6.57 8.39 6.89 9.31 2.77 5.22 7.18
8.94 5.12 4.62 2.07 1.22 6.31 7.42 6.75 3.91 3.91
6.32 2.22 6.14 6.57 1.65 3.34 6.23 1.38 1.58 7.24
1.23 7.66 4.33 2.88 4.23 2.72 8.77 3.53 4.49 3.99
9.71 3.43 8.11 4.34 4.50 8.33 9.64 1.92 5.09 3.56
4.83 1.41 4.78 9.97 6.98 5.42 3.31 3.21 5.80 3.89
9.45 6.03 1.55 3.78 7.91 4.78 5.50 6.68 7.31 8.98
9.67 7.02 2.41 7.77 1.36 5.91 6.11 1.00 6.84 1.19
