3.56 1.67 1.60 7.33 1.64 7.58 2.76 3.95 9.79 7.56
6.84 9.24 3.59 7.39 3.02 1.50 2.17 7.52 7.18 8.48
6.51 6.84 5.50 7.92 4.61 5.86 3.83 9.72 5.86 9.67
9.91 8.42 1.33 1.51 5.75 1.97 8.09 7.51 4.92 7.88
5.07 1.76 7.12 7.66 8.15 9.14 8.15 9.31 6.67 5.33
7.79 3.17 2.17 3.29 1.09 5.79 8.15 3.92 5.51 4.01
3.59 5.42 2.43 3.92 5.93 7.18 4.90 4.02 4.69 8.81
1.90 8.76 9.57 8.02 6.42 7.72 7.17 4.57 7.03 3.83
8.90 4.81 6.00 1.07 7.10 6.10 5.86 5.24 9.02 1.37
8.25 2.61 5.79 9.68 5.53 1.72 6.85 9.43 4.74 1.55

8.24 5.64 9.30 7.81 3.66 5.72 5.53 9.83 9.29 2.55
3.66 8.19 6.37 8.67 8.27 3.47 4.76 4.13 7.71 3.78
4.49 5.96 5.39 9.28 5.63 9.92 9.99 2.49 9.35 4.73
3.03 7.60 9.37 2.34 5.41 3.04 7.06 9.94 2.86 6.35
2.50 5.53 4.55 7.86 4.19 2.82 1.33 7.95 5.94 8.04
1.73 9.43 4.00 6.12 8.71 8.63 6.05 8.70 1.12 5.40
3.44 3.16 2.99 2.81 4.50 7.41 4.84 1.56 7.35 6.71
6.91 8.84 2.23 1.46 6.70 5.43 3.27 7.03 3.38 8.22
5.07 4.11 7.65 8.07 9.24 6.36 6.70 5.28 5.06 6.82
9.68 7.50 8.98 2.67 9.31 3.47 9.08 4.15 4.03 6.42
