4.05 8.56 3.87 4.77 5.52 2.64 8.82 6.82 4.02 6.15
5.17 1.26 4.15 9.24 7.56 2.68 9.16 8.61 8.00 8.08
3.60 3.25 6.97 1.07 4.17 7.67 7.92 9.10 5.32 4.23
1.87 8.37 2.79 4.73 3.14 7.31 6.37 1.96 4.12 9.39
7.11 8.30 9.64 1.26 7.54 7.20 2.95 6.70 5.82 9.95
4.77 8.42 3.20 1.74 8.49 6.38 8.41 6.41 5.48 3.73
9.64 6.34 2.10 2.42 1.08 4.24 8.73 6.45 5.20 2.85
5.83 2.31 1.15 5.48 2.57 7.69 2.68 4.52 4.39 7.50
4.47 8.16 5.92 6.67 8.90 4.40 3.04 7.31 9.81 7.52
1.04 9.44 3.86 2.15 1.87 3.94 5.39 9.60 9.39 9.59

2.45 5.22 1.90 2.60 9.70 3.47 9.29 2.38 6.99 3.68
8.88 1.45 1.84 4.80 7.12 9.74 8.20 9.16 7.05 8.01
6.68 7.09 7.46 9.55 8.24 8.32 3.49 3.63 7.92 2.87
3.21 9.37 7.10 4.11 1.98 6.80 6.58 1.27 8.18 3.57
3.95 7.06 4.02 4.78 1.86 1.14 4.52 9.07 9.30 1.57
7.08 5.98 7.66 4.54 5.53 5.89 2.86 8.02 8.52 9.79
9.89 1.73 9.16 6.99 4.85 1.14 3.78 1.43 1.41 1.96
4.00 4.36 8.03 7.02 8.14 8.89 7.16 2.66 7.96 6.46
3.23 5.04 2.44 9.88 8.58 6.97 5.78 1.45 4.98 4.30
1.23 4.87 5.03 9.40 1.86 8.88 9.53 4.64 9.31 9.94
