1.06 1.17 6.93 1.07 5.97 7.73 9.65 7.92 3.88 6.33
9.89 7.64 5.49 3.43 9.75 1.19 4.61 7.75 1.53 9.14
6.24 6.25 4.81 1.18 3.83 3.31 9.65 6.01 3.63 3.16
7.51 3.69 3.34 4.44 3.77 8.31 2.17 3.41 6.23 5.05
8.74 6.12 2.69 4.23 8.55 2.43 4.42 3.16 9.18 4.95
2.30 5.42 1.20 6.10 5.60 4.03 8.41 5.25 9.04 2.04
7.41 6.55 4.73 9.75 9.99 7.50 8.06 2.16 9.92 4.29
6.21 8.66 9.41 7.90 2.89 7.95 9.33 6.31 1.11 8.51
1.26 2.41 3.94 1.46 7.51 8.54 4.49 5.92 3.79 3.53
6.96 1.21 9.08 1.69 9.96 9.08 8.20 8.01 1.24 8.11

2.30 6.45 6.77 1.70 4.34 8.66 8.66 3.67 4.97 8.77
2.18 5.23 1.18 5.12 5.69 7.69 3.66 9.18 3.61 6.46
2.71 9.57 6.66 1.80 1.27 6.62 9.87 8.46 4.63 1.11
6.57 5.93 6.55 3.34 6.64 9.90 2.00 5.29 3.57 5.97
4.07 4.75 1.19 4.24 8.87 5.88 1.94 2.53 5.06 4.55
7.99 6.77 4.12 4.65 7.56 4.39 1.27 7.44 2.85 4.90
7.54 8.43 9.83 4.10 1.77 6.47 3.99 2.77 1.76 6.56
7.73 4.83 1.31 7.92 8.07 9.18 3.80 9.01 1.71 7.86
3.55 8.70 4.63 6.67 3.35 2.19 1.06 3.62 8.63 2.91
7.52 6.17 1.34 7.35 9.27 2.11 3.81 3.26 3.87 4.58
