5.56 6.03 5.15 2.73 9.35 1.09 9.41 4.29 6.63 4.93
5.97 2.31 1.61 2.24 3.81 2.11 5.34 8.02 6.45 2.12
2.56 7.79 2.17 3.23 3.08 3.65 2.65 2.42 7.69 4.15
6.13 3.25 9.18 1.27 4.98 8.53 1.36 4.39 2.82 6.99
8.32 7.79 8.30 8.93 9.03 2.11 1.04 4.37 9.12 6.49
5.49 1.69 4.28 6.66 3.92 6.36 9.32 5.58 7.79 7.01
8.73 3.91 9.26 7.91 4.18 4.24 6.44 4.54 7.64 8.26
1.53 5.95 6.05 8.82 4.89 5.09 9.93 4.93 8.46 9.05
1.42 3.95 9.74 4.70 9.62 3.66 1.07 8.94 8.24 7.85
5.95 6.97 1.77 5.21 4.88 4.95 8.45 1.32 8.49 6.09

8.58 9.02 2.04 4.64 7.84 5.93 8.72 7.77 9.86 7.18
6.82 1.29 1.14 6.56 4.99 9.76 9.23 5.06 8.69 7.47
2.91 4.64 4.44 3.68 8.85 8.32 7.63 7.30 8.64 6.12
3.39 7.22 5.13 4.44 1.86 2.97 9.37 9.58 9.74 9.23
6.77 6.56 9.52 6.90 3.13 4.51 6.66 2.36 8.56 5.36
8.83 1.47 9.00 3.27 4.15 7.84 1.59 1.78 5.15 9.23
6.89 7.54 6.45 2.03 1.98 7.31 4.00 1.35 6.89 3.74
9.58 3.66 9.30 9.09 9.56 2.43 3.60 6.23 3.78 2.16
1.58 2.61 2.64 9.58 4.88 5.79 7.42 5.47 6.56 2.57
4.70 3.46 9.11 1.15 4.48 1.09 7.46 7.48 1.44 4.36
