1.61 7.75 8.10 6.29 6.39 2.06 3.60 7.80 8.08 3.82
6.25 3.13 5.92 2.71 8.16 8.27 6.80 5.31 2.92 9.03
2.39 4.07 8.48 4.47 8.65 7.90 7.03 5.75 1.77 3.51
5.23 2.38 1.27 3.33 7.67 6.66 4.39 1.27 4.46 2.46
4.09 9.71 4.60 9.01 2.41 2.76 7.28 8.21 7.07 9.20
7.24 8.46 3.27 5.72 2.93 1.92 3.62 8.95 6.68 4.39
2.47 1.90 5.77 2.74 4.23 3.44 8.40 7.62 3.71 2.86
9.08 6.80 2.57 3.68 5.81 3.98 5.44 3.09 2.19 2.50
2.30 8.43 9.96 4.57 4.16 2.89 5.49 6.78 1.85 2.17
1.17 3.31 3.07 5.94 5.05 6.30 8.38 3.45 3.92 2.09

5.31 3.00 7.89 6.87 5.67 3.71 9.85 1.11 5.80 2.04
2.61 7.10 9.48 2.58 1.67 3.63 4.47 6.16 9.41 5.31
7.33 9.58 7.63 9.40 5.52 2.68 5.70 3.90 5.13 8.61
4.99 9.44 1.61 2.88 6.31 6.28 5.59 6.17 6.39 1.40
7.21 8.00 7.50 6.69 9.58 8.16 9.32 4.04 4.32 8.73
8.36 1.65 8.31 5.99 1.05 3.83 7.67 5.75 6.72 2.80
4.36 1.71 2.24 4.97 3.59 7.55 1.25 8.19 3.72 6.63
8.58 9.93 4.63 6.08 6.62 4.21 4.25 5.94 7.25 7.57
4.67 5.61 8.22 2.98 1.60 8.27 5.80 8.27 4.01 2.53
1.07 7.37 3.24 2.31 2.34 5.83 8.87 2.59 4.02 2.59
