4.22 6.59 6.93 4.31 1.88 1.46 8.69 8.57 2.66 2.00
2.38 8.20 9.04 8.34 8.62 7.54 8.86 5.36 7.68 3.64
5.14 6.35 4.53 5.26 8.77 8.66 6.49 9.63 2.52 1.93
9.02 5.74 7.52 5.96 9.05 8.40 6.41 7.74 6.97 8.07
8.74 8.35 6.28 7.78 6.69 4.90 5.32 5.55 9.26 3.00
8.19 4.40 8.35 2.72 8.66 7.11 1.38 5.14 6.74 2.90
6.08 5.77 7.64 3.60 1.72 6.69 2.00 7.14 4.43 7.97
5.21 3.17 6.32 1.48 9.95 3.01 5.38 5.26 7.56 4.64
7.26 5.75 8.04 5.61 7.47 6.69 2.72 7.84 1.84 8.46
9.75 6.92 4.23 7.39 9.52 4.95 4.08 1.52 2.09 7.51

8.49 6.30 9.69 4.81 6.78 9.63 6.82 2.17 4.90 4.37
5.81 2.16 9.12 3.84 6.77 6.59 9.54 8.49 4.43 1.38
6.95 4.17 7.30 1.19 1.56 6.82 5.14 4.64 7.34 6.23
2.15 5.83 2.52 1.84 9.64 8.31 1.47 6.46 9.47 5.37
9.83 5.28 6.53 8.95 8.12 3.30 5.54 7.66 1.78 8.97
8.04 7.74 3.14 5.34 7.92 3.70 2.16 3.06 7.34 8.50
8.29 8.50 4.33 9.81 9.34 3.97 8.12 9.81 9.43 7.59
5.18 9.26 2.87 1.70 8.22 9.99 4.00 3.75 7.66 4.78
2.72 5.70 2.52 4.86 1.04 9.45 7.57 2.20 2.51 4.91
9.69 9.80 3.40 4.02 9.61 2.74 6.99 7.72 2.55 6.43
