5.79 6.30 5.42 1.46 8.95 1.70 3.78 7.28 8.53 6.44
4.75 9.79 9.95 8.98 4.97 9.54 1.89 8.87 6.26 1.67
7.59 6.01 6.10 1.68 7.93 7.83 6.73 3.23 3.77 9.31
1.83 8.55 5.61 6.25 9.01 4.56 6.95 2.79 1.84 5.48
8.24 5.59 5.27 8.18 4.57 9.25 7.72 5.46 8.12 3.98
6.13 5.71 8.99 2.23 6.40 6.92 9.06 3.13 9.15 2.83
2.44 9.98 1.38 7.04 6.23 9.39 1.60 3.18 2.18 2.44
7.66 9.42 7.03 2.93 7.60 1.60 2.18 5.32 6.06 9.30
8.30 2.19 5.01 7.30 3.42 1.40 4.22 2.48 3.53 3.37
4.31 4.97 3.35 4.69 2.01 8.58 4.08 2.61 1.76 5.27

4.05 8.42 4.69 1.08 1.35 2.29 1.69 2.53 6.62 6.75
1.83 4.92 7.94 5.84 2.22 1.37 6.24 5.43 2.85 8.77
7.80 6.16 3.74 1.14 9.85 4.75 8.72 3.94 6.36 9.48
8.21 9.41 7.90 2.90 9.49 8.25 4.19 1.18 9.79 9.81
6.93 1.62 4.73 4.87 6.46 5.94 5.24 2.70 1.38 7.09
1.47 8.17 3.25 4.21 8.32 3.10 7.95 7.04 6.04 4.31
6.52 4.25 3.71 4.42 6.14 3.21 2.68 9.33 3.38 2.46
9.14 9.31 3.08 3.87 4.18 8.54 8.81 8.42 1.23 9.18
5.51 1.70 7.36 7.75 4.91 5.68 9.85 2.86 2.72 5.89
6.16 8.24 9.14 8.88 2.66 5.28 2.08 4.33 4.61 4.47
