5.33 1.68 3.93 5.90 9.29 6.39 8.15 8.80 2.36 9.82
5.46 1.97 9.00 8.96 7.20 3.40 6.47 8.97 7.55 1.07
5.04 1.24 7.27 2.95 2.06 5.86 2.80 4.98 5.76 9.02
4.45 1.09 9.70 7.38 5.99 8.99 3.77 4.14 7.80 5.14
3.96 3.26 6.10 2.96 2.22 3.31 5.36 7.69 2.28 2.91
7.76 6.32 3.15 5.03 8.27 4.21 9.89 1.08 8.20 5.65
9.09 2.65 5.74 8.80 9.03 1.72 7.79 2.80 4.86 5.58
6.94 7.82 7.84 3.04 9.78 9.06 5.35 5.14 6.75 6.63
7.05 4.51 2.95 9.20 8.54 1.22 3.41 8.43 1.30 1.61
4.08 9.39 3.26 8.81 8.19 2.28 9.54 5.97 4.09 4.40

1.55 1.03 2.22 8.40 3.07 2.01 7.45 7.42 6.14 4.20
4.04 3.19 7.72 5.99 2.39 6.26 6.21 4.80 4.69 6.51
5.41 7.77 5.90 7.67 6.59 4.08 8.95 6.12 9.06 3.04
9.52 9.61 3.07 1.75 8.01 5.14 2.75 5.46 2.55 7.90
8.66 5.59 1.09 6.38 1.58 2.48 2.64 6.79 6.28 6.34
3.30 1.69 4.11 8.19 8.36 9.70 2.28 7.31 5.82 1.33
9.36 5.34 9.95 2.42 6.09 7.95 6.56 7.84 3.41 8.11
5.74 2.08 3.70 5.83 7.46 4.29 7.30 9.10 1.08 3.58
5.44 3.38 4.27 8.55 1.57 2.63 8.25 2.85 8.95 4.07
3.18 8.31 8.41 3.13 9.73 4.50 1.08 6.29 2.34 3.49
