3.64 2.94 5.29 2.75 8.74 2.53 7.53 4.49 3.18 4.47
8.51 3.80 4.63 5.93 3.21 9.93 8.80 9.54 7.47 4.44
5.84 4.60 8.77 6.58 9.55 8.94 4.28 4.02 4.18 7.75
4.49 6.82 9.69 8.78 8.57 8.43 1.31 6.09 2.92 3.49
9.57 1.43 6.28 4.20 6.35 8.49 4.13 5.15 8.03 1.60
8.59 3.88 5.21 7.36 9.46 4.76 6.30 3.73 7.78 9.47
1.48 2.27 6.29 1.17 1.05 4.86 8.60 1.36 9.95 1.52
3.85 9.52 1.94 9.13 3.72 7.30 7.62 6.85 2.44 5.66
7.45 1.03 8.54 2.65 7.39 7.99 6.41 3.68 1.73 4.19
3.16 2.21 5.46 8.45 2.38 5.51 3.31 9.98 5.87 3.26

1.50 8.72 2.78 2.44 7.85 5.49 8.74 5.48 2.34 1.19
1.13 8.79 1.22 8.67 1.44 7.61 6.66 6.85 1.29 7.39
1.04 3.45 8.60 5.50 1.90 9.98 1.02 4.21 9.97 5.89
6.47 1.47 4.61 8.25 2.91 2.46 3.74 1.65 6.94 5.08
1.84 7.07 3.87 2.05 5.74 4.31 8.66 2.40 1.15 8.95
8.79 1.19 2.40 7.39 5.70 3.30 7.37 5.71 6.51 7.33
1.60 2.98 7.80 5.21 1.23 9.71 6.67 3.97 1.36 3.61
8.05 2.20 9.67 1.91 3.25 5.41 5.22 1.91 6.81 5.37
9.86 5.60 5.56 2.26 2.98 1.26 4.55 9.35 5.97 1.06
6.68 6.57 3.04 4.48 1.78 3.27 4.19 7.45 6.23 4.55
