6.97 5.06 7.25 5.08 6.68 7.75 2.56 2.73 8.26 3.15
5.56 8.55 4.99 9.77 2.97 5.97 5.39 8.51 4.96 8.16
4.81 4.54 9.41 2.76 4.49 2.81 7.77 2.09 8.81 8.95
5.23 5.78 4.01 2.48 9.86 9.69 9.23 2.42 2.42 7.49
4.57 6.99 6.05 8.55 6.76 8.02 4.52 2.15 6.53 8.48
9.31 1.35 3.03 8.72 3.11 6.52 1.54 9.88 7.61 9.35
8.83 2.85 5.13 2.84 4.32 4.99 2.53 3.56 6.41 3.96
1.05 9.97 9.94 6.10 8.52 6.70 4.12 3.04 7.85 9.65
1.53 7.17 1.00 3.56 5.89 3.11 9.08 6.43 2.99 6.69
5.78 1.82 8.54 9.91 3.66 2.86 4.90 5.19 5.42 1.31

8.15 5.47 1.28 8.09 1.57 8.81 4.79 4.69 1.85 2.65
4.34 2.38 8.81 4.34 4.94 4.71 6.45 4.02 1.14 8.44
9.71 5.92 9.26 8.25 5.83 2.93 1.11 9.73 7.12 5.53
1.04 5.27 10.00 1.33 3.37 1.56 9.13 7.16 5.25 9.99
8.81 8.59 2.37 7.62 2.93 6.31 2.33 8.38 9.33 2.46
6.82 9.04 7.38 6.09 7.29 3.21 8.01 7.40 2.94 5.14
2.93 2.98 9.41 2.93 3.31 2.78 3.49 2.44 8.94 7.74
2.43 7.74 6.32 3.79 5.37 8.25 9.10 6.69 6.63 8.42
8.16 3.45 7.46 5.54 8.54 4.75 7.75 6.55 2.15 9.69
1.69 4.08 2.67 1.10 6.00 4.98 2.88 8.49 6.42 1.82
