2.99 2.51 8.93 6.30 3.35 8.48 2.79 5.23 7.81 7.85
7.24 2.27 8.15 5.60 5.56 5.09 9.10 9.86 5.19 9.54
8.44 7.75 9.06 6.60 8.37 3.99 7.24 7.76 9.97 4.48
8.11 2.96 5.99 7.04 8.25 8.34 5.52 1.04 3.57 3.33
7.89 9.81 4.59 6.03 5.42 9.15 1.12 4.52 9.01 5.31
4.06 7.46 3.06 3.12 4.06 1.44 6.11 1.30 8.20 6.08
4.78 6.31 8.04 9.77 3.35 6.29 8.12 7.87 6.33 1.69
1.20 4.22 1.50 4.80 9.25 5.92 3.95 9.37 9.44 2.96
4.69 3.50 9.41 6.75 5.62 3.47 7.18 1.73 3.77 5.38
6.81 7.55 1.69 4.85 7.32 4.04 1.14 5.44 1.91 6.47

6.13 2.12 9.69 6.63 5.91 8.94 2.54 8.86 8.31 1.98
1.82 3.00 4.47 1.23 8.74 9.09 3.70 5.93 9.82 6.48
1.31 6.63 4.03 1.99 1.48 1.35 5.04 1.62 5.79 5.95
7.09 1.91 7.07 6.77 7.54 2.98 5.71 9.08 1.84 4.02
1.06 2.66 6.02 4.54 2.89 4.76 3.63 5.60 9.68 3.45
2.07 9.99 9.08 5.10 1.98 9.57 5.45 6.02 1.18 1.24
1.97 7.27 2.15 8.04 4.04 8.69 1.02 8.75 7.78 1.86
2.78 7.84 3.51 7.79 2.37 5.41 2.55 5.00 1.01 2.23
7.45 2.08 2.23 6.54 6.18 3.21 6.10 1.63 8.23 6.29
1.87 9.20 3.56 3.02 7.24 6.60 1.71 7.25 5.36 8.49
