6.34 7.18 1.88 4.32 9.16 8.96 7.32 8.86 6.98 5.76
7.02 7.27 7.52 5.02 5.17 7.47 5.78 2.42 7.43 9.29
2.59 8.20 6.32 3.91 1.27 8.54 6.38 2.00 8.70 2.52
1.25 5.04 8.70 2.13 8.37 7.86 1.09 5.69 6.72 7.07
1.45 3.74 4.34 7.97 7.76 8.51 5.45 3.54 9.93 2.87
2.83 2.52 1.08 8.14 5.43 1.35 6.68 1.82 2.34 5.38
3.34 2.59 9.42 2.04 3.72 7.79 8.90 3.82 3.48 5.62
9.89 3.93 8.36 4.23 1.90 6.12 2.74 6.34 8.66 2.67
8.22 1.49 4.19 8.29 8.63 8.63 8.64 5.31 9.44 9.98
9.69 2.78 2.57 9.11 3.82 5.29 6.90 2.73 8.11 9.38

7.35 7.99 3.30 5.71 2.22 4.20 1.84 3.96 9.54 9.50
5.63 7.76 9.98 8.82 6.05 8.61 7.44 4.68 3.92 6.89
4.66 3.61 8.67 6.23 2.72 2.49 1.52 8.62 4.22 8.63
7.99 1.57 6.62 1.29 6.28 7.84 4.49 7.12 1.80 4.03
6.61 6.43 1.79 6.60 5.25 6.84 5.20 2.69 1.52 8.12
8.58 5.19 1.73 7.25 1.42 3.44 8.74 1.94 2.06 2.96
9.56 9.05 3.52 6.18 9.34 8.81 4.03 3.83 5.93 4.83
6.87 2.54 1.26 7.66 8.14 5.51 4.49 3.34 7.20 5.02
1.46 5.77 9.20 2.19 3.02 9.62 4.63 1.76 1.55 5.69
3.71 1.12 4.74 6.24 6.30 4.08 5.05 9.33 6.91 9.97
