8.46 6.12 2.39 9.63 1.95 6.22 5.68 2.18 2.91 6.46
4.32 3.87 7.77 9.17 2.27 2.40 1.53 9.59 8.81 3.22
9.44 7.36 7.32 4.93 9.83 3.79 8.75 8.78 4.30 9.98
1.59 2.76 6.11 2.98 2.39 7.06 8.20 7.07 8.23 1.10
3.53 2.56 3.97 1.30 1.73 5.24 2.70 2.26 4.83 1.50
4.48 4.27 7.87 1.80 8.20 7.70 4.59 6.95 6.48 7.89
6.93 7.07 9.65 3.04 9.05 2.03 9.10 7.25 8.10 7.33
7.35 1.63 8.89 1.31 1.93 9.61 5.56 3.63 1.88 9.39
4.13 5.36 3.66 2.00 6.16 1.86 8.70 9.75 7.81 5.19
7.64 4.75 2.26 7.29 6.78 1.31 8.32 5.88 7.56 6.42

3.21 4.90 7.05 2.09 5.22 7.98 1.71 9.77 1.61 2.58
9.16 4.75 6.95 2.83 5.75 3.11 3.69 4.45 2.86 1.50
8.64 9.50 5.25 9.90 6.79 2.03 1.21 5.11 6.91 7.76
1.54 9.12 2.67 7.59 1.22 6.88 5.58 1.93 6.66 6.19
3.51 5.82 9.93 9.46 7.65 5.68 2.56 1.34 9.13 4.42
1.84 7.77 3.92 6.09 7.67 9.71 7.12 7.88 4.83 4.04
5.64 5.37 3.16 7.31 2.96 3.38 4.20 7.53 4.31 9.85
3.72 6.82 5.67 3.65 6.27 3.32 8.33 7.84 3.66 7.46
2.26 4.50 5.24 5.18 9.59 2.90 4.90 6.72 9.78 8.72
9.76 5.43 4.09 2.92 2.74 6.05 5.30 5.93 3.58 8.60
