2.24 9.42 3.33 5.98 1.51 4.77 2.25 4.35 1.27 8.76
5.44 6.04 5.28 8.48 7.15 5.05 4.48 5.79 3.25 4.40
3.69 9.31 8.56 9.12 3.10 2.23 6.82 1.94 5.06 5.17
3.59 6.30 4.59 5.92 2.28 5.10 9.70 3.53 8.45 9.97
2.29 3.89 6.01 6.57 2.36 3.16 1.63 5.84 7.95 3.88
9.24 1.64 3.19 7.80 9.76 5.29 9.03 6.58 6.23 4.09
1.76 8.82 9.38 5.35 4.75 1.66 9.45 4.44 4.19 7.90
4.41 5.48 1.79 9.42 2.05 3.15 2.58 2.68 7.99 9.53
5.56 7.23 1.17 7.75 5.03 9.93 3.04 4.06 6.51 8.27
7.15 7.27 7.09 6.53 2.62 1.83 7.19 2.07 5.28 1.38

8.97 8.69 5.86 9.76 8.11 6.91 2.91 9.70 8.59 9.90
9.23 4.15 7.14 9.39 1.90 2.17 9.32 3.95 5.23 5.83
2.21 2.38 3.10 8.30 7.90 4.72 9.14 5.09 5.79 4.42
5.47 4.76 3.11 1.33 4.52 1.22 7.24 6.43 9.92 5.83
6.33 9.15 8.98 3.47 8.54 9.89 4.63 7.86 3.83 8.87
3.70 5.05 1.24 5.79 3.35 8.15 9.51 2.49 3.24 5.30
5.91 7.71 9.06 8.02 8.04 3.58 8.24 5.28 9.00 8.16
1.11 5.33 7.31 9.10 7.80 5.85 8.98 2.43 3.72 2.82
1.30 6.41 6.86 1.54 2.21 9.22 8.69 1.72 1.71 1.93
6.01 6.61 8.64 5.07 4.63 6.68 7.65 2.87 1.96 6.65
