8.22 2.60 2.52 2.86 7.69 8.14 6.07 1.93 4.08 3.32
8.50 7.75 7.93 6.72 9.72 8.54 4.99 5.53 6.81 8.01
7.05 6.88 5.38 9.29 8.19 6.72 5.12 7.05 8.30 8.14
8.64 6.52 9.75 1.16 8.38 7.43 8.30 4.44 8.37 2.38
6.76 6.87 9.13 4.70 3.59 8.85 3.23 7.58 4.38 9.04
5.58 1.43 5.92 9.96 9.72 4.10 6.68 4.84 1.16 4.98
2.99 8.80 1.51 2.74 8.96 8.88 9.17 7.26 3.33 7.54
8.64 9.09 4.40 7.77 3.79 6.99 6.61 6.03 4.56 9.99
5.06 9.15 1.42 9.98 9.11 1.14 4.08 5.79 4.98 4.24
9.77 6.97 3.04 1.28 8.70 2.00 9.16 7.87 8.26 2.49

5.41 6.90 1.59 8.81 4.67 4.38 5.80 1.28 9.40 9.36
1.27 4.47 8.51 1.69 4.45 7.62 1.83 7.53 3.41 5.81
1.77 3.18 2.78 3.81 3.46 1.48 4.81 2.62 8.36 3.08
4.11 3.76 8.98 4.70 2.57 3.65 8.07 7.37 3.93 7.48
6.73 4.20 1.94 5.24 4.89 5.39 2.86 5.72 2.93 5.27
1.53 3.70 7.45 3.31 6.51 9.91 3.79 1.33 2.53 2.15
3.40 5.64 4.91 2.38 9.34 6.48 5.03 7.41 3.85 7.96
4.89 9.59 2.16 5.83 4.83 6.06 1.22 6.69 1.78 3.15
1.96 2.31 5.85 8.41 4.62 2.36 8.32 7.41 2.69 9.85
8.56 5.09 5.49 3.47 6.48 4.82 8.95 1.50 2.23 2.80
