6.23 6.10 9.99 1.49 9.85 7.16 5.48 5.38 3.59 4.75
5.03 7.01 7.69 1.91 9.48 6.13 3.31 2.64 1.60 4.86
5.20 7.37 3.01 5.23 5.61 4.80 6.55 6.56 1.35 2.26
6.21 6.58 7.36 6.20 7.07 7.21 3.36 2.54 2.60 5.95
6.30 6.62 2.95 3.99 7.54 2.43 9.12 9.85 4.07 9.72
4.71 8.27 7.09 6.72 3.50 2.70 1.52 9.05 8.26 1.87
1.32 4.47 7.45 7.68 9.67 4.52 4.89 3.03 6.06 6.49
7.98 2.36 3.11 9.93 5.35 9.64 2.36 4.47 9.49 5.43
4.18 4.20 3.70 1.27 9.92 6.20 2.98 1.44 5.25 1.24
2.32 5.57 4.71 8.77 3.24 4.39 3.29 7.13 6.42 8.35

3.62 4.40 9.71 5.73 4.33 5.06 5.37 5.69 8.53 4.86
1.12 2.71 8.06 3.82 2.98 7.99 9.02 4.96 8.43 4.27
5.20 9.75 8.84 8.92 8.52 2.08 3.30 1.81 8.21 8.72
9.17 1.83 3.12 8.88 6.56 6.44 3.94 1.93 2.14 2.47
5.79 2.26 4.17 3.86 5.08 6.16 1.84 4.10 1.12 9.28
7.36 5.32 9.03 6.20 4.24 7.55 7.28 6.54 8.36 5.49
5.26 7.52 6.32 7.38 6.40 2.88 3.82 9.34 3.81 4.96
1.81 8.60 6.21 4.98 2.46 1.29 1.14 3.31 4.39 1.25
2.58 1.75 5.57 1.61 6.95 8.81 8.15 4.23 5.35 6.51
8.72 9.61 4.03 5.05 6.98 9.43 6.93 9.80 8.78 9.74
