3.51 9.16 2.67 9.28 5.88 9.14 6.43 4.69 8.17 1.83
1.07 8.91 3.35 4.36 9.47 3.48 6.75 8.80 1.56 1.96
3.99 6.50 8.11 5.36 7.90 9.63 6.37 1.41 2.62 6.65
7.19 5.13 5.82 8.86 4.40 1.70 8.00 9.83 5.39 6.17
1.66 5.47 5.08 4.01 8.83 4.55 6.49 5.58 3.35 7.05
6.54 6.34 3.55 4.64 1.71 1.45 4.28 7.08 1.86 5.89
3.73 8.05 1.02 8.55 6.90 4.42 9.25 4.90 4.25 4.64
1.07 4.90 9.11 5.15 7.92 7.94 8.70 4.41 3.52 2.05
1.46 9.06 7.39 4.01 3.70 8.10 4.46 6.98 5.18 5.32
2.87 7.91 3.37 2.89 6.46 9.28 6.31 5.71 4.18 9.56

9.35 4.25 4.46 8.46 8.40 2.37 6.40 7.09 5.78 8.92
8.14 6.24 7.98 5.54 9.25 1.69 3.64 3.71 7.67 7.82
8.04 9.54 5.72 1.41 2.43 2.18 9.69 7.74 6.88 3.87
7.29 6.23 7.11 1.75 4.69 5.51 3.13 1.09 2.61 7.91
9.01 9.75 4.15 6.99 5.28 3.40 7.67 7.92 6.12 5.34
5.74 4.15 4.88 1.46 4.56 6.31 2.64 4.25 4.05 8.52
7.12 1.34 4.75 4.23 2.10 8.44 8.74 4.23 8.53 1.35
2.14 7.54 1.10 5.29 4.53 5.38 7.69 2.20 3.30 3.81
6.54 8.04 6.96 1.42 8.50 1.52 6.73 1.14 4.78 9.78
8.66 1.89 1.13 3.42 5.13 2.22 1.86 3.87 5.45 9.39
