9.54 5.37 3.23 2.03 1.61 3.81 6.17 6.86 7.33 4.29
6.19 1.36 4.85 5.93 7.92 3.82 1.68 2.89 7.52 7.41
7.98 4.16 5.75 8.83 8.13 2.14 2.39 5.21 6.48 5.71
4.93 6.02 1.08 7.16 7.05 1.69 9.97 3.22 7.55 7.31
6.52 3.74 7.67 1.36 8.66 5.59 4.18 9.34 7.48 1.71
6.75 5.46 4.87 2.49 4.29 3.00 3.63 5.68 7.21 9.11
1.40 2.15 5.13 1.48 8.31 2.18 2.17 8.28 4.40 8.72
5.59 9.92 2.45 3.26 1.28 1.12 7.85 4.47 9.46 5.32
5.18 6.20 9.79 9.04 7.70 4.07 2.04 1.32 8.76 8.26
9.43 9.16 9.40 4.56 9.63 7.71 5.74 1.80 6.00 9.14

9.52 1.59 9.06 1.97 3.85 9.35 2.08 1.69 3.82 1.54
6.02 7.99 6.74 5.80 7.03 4.44 8.88 8.08 4.76 7.64
6.33 4.19 6.79 5.74 7.75 6.42 3.45 3.49 7.22 8.45
2.63 6.74 9.03 1.69 7.71 2.88 1.04 8.79 3.57 3.86
9.33 8.59 1.85 6.07 4.39 7.88 9.51 3.27 5.96 4.27
9.90 2.29 7.46 6.69 7.03 5.22 3.12 9.48 7.70 9.34
7.92 9.34 6.08 6.96 1.03 3.79 8.83 1.07 2.58 2.40
3.92 1.90 9.99 4.77 6.97 4.38 2.66 6.48 6.65 7.62
9.75 6.55 8.91 7.21 3.25 5.94 2.43 5.36 5.42 9.13
4.71 3.35 8.47 9.79 9.30 8.49 3.58 8.14 8.56 5.15
