9.54 2.49 6.06 9.53 6.26 3.03 3.91 7.91 8.51 9.56
5.53 8.25 6.11 4.44 5.47 8.36 9.39 6.89 3.72 4.81
6.02 7.43 7.15 4.49 7.21 6.45 2.98 9.79 4.59 1.55
4.94 4.13 3.03 10.00 3.66 8.29 3.02 6.57 6.21 1.53
6.12 1.74 8.79 2.23 5.18 4.25 9.59 4.57 1.14 3.31
8.37 6.17 9.73 5.53 9.66 6.95 1.98 2.64 6.74 5.57
3.19 1.68 8.69 5.22 1.67 2.35 3.51 3.70 7.92 8.72
4.23 4.04 9.45 3.02 5.27 4.64 6.27 4.86 8.20 6.41
7.17 6.58 2.58 6.91 2.10 2.24 3.86 3.08 3.88 9.59
7.65 6.07 1.27 6.35 1.30 1.95 7.70 3.81 4.64 5.61

2.53 7.88 8.65 1.98 9.89 3.93 5.62 6.16 7.79 3.82
2.58 4.97 9.40 4.16 1.87 1.50 5.40 4.73 3.58 8.28
4.32 1.23 4.36 4.59 6.58 4.65 5.54 4.27 7.46 9.18
8.89 8.99 7.06 7.54 9.97 6.95 1.47 5.59 3.12 8.26
8.41 4.69 3.22 7.80 7.85 4.10 8.30 3.25 7.83 1.88
1.53 2.15 2.12 4.89 5.75 7.69 8.55 1.28 1.97 6.01
9.47 9.85 5.00 6.53 7.39 4.97 3.48 7.86 9.56 5.60
6.12 7.96 9.29 8.34 5.77 7.14 2.44 4.07 9.39 9.27
4.95 9.92 1.42 6.07 4.82 6.17 3.76 3.36 6.45 4.73
8.37 5.92 4.59 3.37 2.45 1.98 7.34 4.93 8.84 6.90
