9.17 4.34 7.03 6.36 9.38 6.88 1.65 6.82 4.81 3.82
8.88 2.65 4.28 3.19 6.98 8.94 4.63 2.59 6.16 7.02
4.27 2.06 9.03 1.48 7.80 8.42 7.04 7.38 4.88 6.08
7.88 4.05 9.42 4.91 9.41 8.80 1.79 1.06 5.62 5.61
3.87 4.49 7.25 7.15 6.69 4.23 6.09 1.32 5.81 2.25
7.34 9.09 3.31 6.38 9.57 1.11 4.80 6.61 7.49 8.68
2.69 5.37 2.73 2.11 9.28 2.14 9.91 1.07 2.20 5.53
5.67 5.07 9.02 2.93 2.23 5.71 6.15 7.32 6.03 1.97
8.57 3.37 1.05 1.89 8.75 9.62 2.00 3.55 6.23 8.49
2.23 7.93 3.85 3.96 9.04 3.13 5.10 8.95 3.20 6.29

4.48 7.88 1.37 3.50 9.80 2.59 8.21 5.96 8.91 4.23
6.93 7.49 6.60 6.98 8.37 5.35 6.61 9.37 7.90 2.84
7.86 9.13 9.77 1.71 3.08 8.81 3.85 7.18 7.76 6.05
3.47 2.24 3.93 3.84 4.74 3.73 5.44 2.95 8.69 4.35
6.18 5.62 1.83 2.79 2.60 9.21 7.14 8.21 8.58 5.04
1.05 6.44 4.16 9.82 7.15 6.25 8.63 1.00 3.43 6.39
6.05 5.90 7.63 8.98 8.75 2.38 2.71 4.18 4.33 1.41
7.53 9.51 6.03 8.36 2.30 7.63 7.57 8.44 5.84 6.15
3.47 5.89 2.59 6.64 5.70 8.74 2.89 4.33 8.74 5.32
9.72 4.79 1.22 7.35 3.77 8.97 8.73 5.48 3.15 3.06
