6.04 5.79 3.01 4.89 2.33 9.70 5.50 9.24 9.08 1.68
5.47 6.13 1.79 2.66 3.94 8.61 4.71 2.72 1.94 4.37
9.02 7.72 4.17 8.36 3.77 6.95 8.55 5.47 3.39 2.87
6.41 8.43 7.66 8.42 3.33 9.00 8.12 7.83 8.24 7.20
8.51 3.70 3.33 9.30 5.37 6.26 7.91 9.07 7.99 8.84
3.45 7.01 6.57 6.62 5.37 9.34 3.57 3.92 4.81 5.95
5.80 1.22 4.39 3.46 8.64 6.71 2.45 6.76 4.54 9.69
3.96 3.04 3.40 6.29 2.34 7.76 2.56 9.25 6.84 9.54
8.09 9.28 6.55 4.66 5.90 1.92 3.99 8.47 4.85 7.80
4.42 9.64 8.02 7.81 3.10 6.66 4.52 4.55 3.42 8.06

4.24 6.39 1.10 6.64 2.68 2.44 4.40 4.24 1.69 1.24
3.78 8.78 9.52 9.33 3.44 5.43 1.26 6.43 3.90 5.10
4.23 7.32 4.74 2.25 5.13 6.84 7.91 8.65 1.39 1.33
6.71 4.64 6.72 6.81 1.28 8.39 8.26 4.68 2.63 8.95
4.92 5.41 7.73 4.44 4.74 1.17 8.87 5.00 6.60 2.77
9.10 9.83 9.09 3.84 2.09 4.22 9.68 9.00 2.87 1.07
9.33 8.58 4.71 6.04 5.39 4.99 4.44 3.64 8.66 6.07
2.59 3.58 1.48 9.32 7.02 5.22 9.48 5.89 9.21 6.08
7.66 8.31 5.92 6.75 2.15 7.00 9.96 1.83 6.00 2.83
1.90 5.33 1.40 5.61 1.37 5.79 9.60 4.81 8.43 8.26
