2.45 6.65 6.04 9.42 1.08 7.43 7.00 6.55 1.86 6.28
6.49 2.09 5.01 9.27 2.22 7.87 8.54 3.79 9.71 4.52
4.13 4.01 8.65 6.17 5.85 1.67 4.09 1.11 9.89 5.36
1.73 2.35 2.01 6.78 1.77 2.09 4.20 7.77 7.64 5.07
4.04 4.13 6.16 8.06 3.40 7.38 5.93 1.94 1.16 5.64
5.46 4.29 8.65 4.11 9.46 4.50 4.78 3.55 4.61 4.68
7.91 5.35 6.03 8.92 2.13 6.80 1.00 5.33 4.57 7.64
9.40 7.61 1.77 5.55 5.67 4.16 2.93 1.60 5.10 3.09
6.24 9.57 6.38 4.89 3.68 5.85 8.39 7.46 8.40 3.01
2.14 6.31 7.36 7.17 5.23 8.48 3.97 5.23 3.81 7.54

2.87 3.20 5.15 3.63 7.76 9.81 6.80 9.69 1.41 1.90
2.78 6.65 1.47 8.16 1.54 4.14 4.00 8.93 1.61 2.40
1.94 2.75 7.71 8.30 8.92 2.94 6.78 2.88 7.17 9.59
9.42 9.04 2.79 4.57 2.67 9.55 4.38 8.47 9.24 4.79
9.37 2.01 1.44 9.84 9.17 1.98 3.98 3.18 9.92 4.59
4.58 1.86 6.34 2.30 9.15 5.25 4.24 5.93 7.13 1.41
5.52 6.55 9.44 7.32 1.12 2.11 6.87 4.50 9.58 6.10
8.29 8.95 7.12 8.73 8.79 6.29 9.72 2.77 8.47 9.63
6.36 3.05 1.49 2.70 4.34 9.64 6.95 7.58 5.58 4.08
7.99 1.10 9.64 7.43 7.41 9.76 8.54 4.28 4.26 8.11
