1.92 5.47 6.20 3.73 7.79 6.55 4.95 7.70 1.73 7.90
7.03 9.43 4.43 9.68 4.79 6.80 4.31 7.90 8.14 2.68
2.29 8.55 1.01 2.07 5.24 3.35 6.54 8.39 2.73 9.01
2.70 3.65 4.48 7.91 6.38 2.27 4.46 1.33 8.98 5.19
8.23 6.01 4.62 2.66 5.70 8.42 8.46 9.00 6.31 6.61
1.69 7.60 5.16 1.69 8.68 9.40 4.04 5.22 7.79 5.77
4.23 9.49 8.42 7.71 7.40 4.80 8.98 1.86 5.13 7.96
6.05 3.36 3.97 9.67 5.02 8.67 8.09 3.48 7.67 4.40
9.09 8.35 2.00 4.25 9.05 9.68 3.65 3.09 4.90 1.43
7.87 8.13 9.92 6.29 5.84 7.32 1.09 4.82 8.18 5.22

2.78 4.22 7.58 5.75 3.89 2.61 4.42 1.98 5.09 2.08
5.38 4.18 9.44 6.39 7.43 8.49 6.07 1.08 1.58 9.97
1.51 8.44 8.10 1.44 4.73 3.94 7.75 4.82 7.76 5.93
9.05 9.54 9.15 6.63 5.29 3.05 8.24 8.71 4.03 3.33
9.79 8.41 6.51 9.23 4.79 3.94 7.72 9.86 4.02 8.29
9.83 4.53 6.74 7.93 4.97 1.47 1.87 2.72 5.29 8.63
7.65 4.34 8.18 6.80 9.97 3.47 8.85 8.21 2.18 2.88
1.53 1.97 1.29 7.04 1.20 5.08 9.98 7.91 4.94 4.00
6.21 4.77 7.53 2.95 2.70 2.50 3.42 3.57 4.22 7.71
2.21 1.87 2.05 9.38 7.68 2.03 2.85 6.53 9.23 4.03
