3.96 6.09 6.18 6.12 1.71 6.77 7.88 6.83 7.96 5.16
8.38 9.96 9.92 8.59 7.06 9.84 8.95 3.06 2.24 6.55
9.26 5.96 1.32 3.64 8.19 4.42 4.08 8.46 7.95 6.39
2.69 1.91 2.48 7.87 7.03 3.19 4.64 4.91 9.03 2.61
9.07 7.41 2.57 8.99 6.00 8.63 8.83 4.94 1.69 1.08
1.49 9.95 6.04 1.81 3.58 4.23 5.22 6.66 2.69 3.18
3.06 4.38 4.09 4.54 2.25 1.12 6.73 5.90 5.03 5.76
7.50 4.10 3.17 9.07 3.10 8.16 7.70 1.93 3.11 8.39
2.00 3.60 8.33 7.04 4.41 1.92 1.27 8.63 7.58 2.96
1.81 9.64 6.34 4.90 4.18 7.59 5.02 9.91 3.49 9.05

5.67 9.99 3.15 7.84 9.06 5.25 6.00 6.76 6.18 8.11
5.15 7.18 1.71 3.48 4.22 5.11 4.40 4.49 3.74 1.98
6.45 4.55 1.62 2.79 8.44 4.79 9.38 3.46 4.70 2.87
2.51 9.37 2.87 4.66 7.21 1.93 8.90 3.21 7.70 5.08
1.31 2.84 2.26 2.02 5.33 5.48 6.13 8.72 8.97 8.87
9.71 5.42 3.42 1.32 7.21 1.86 5.12 6.59 4.32 8.82
8.47 5.82 8.19 1.34 9.48 5.40 2.27 8.38 7.61 8.97
3.46 7.92 1.81 4.71 8.94 6.13 9.19 5.08 4.86 8.16
3.95 4.56 3.57 6.37 4.89 9.78 7.23 9.00 6.37 1.54
7.82 4.83 6.36 6.02 5.17 5.84 1.42 6.44 4.22 8.02
