2.59 6.53 3.43 4.47 4.93 1.64 7.14 4.63 1.37 7.37
2.62 2.89 4.35 7.51 6.95 9.89 4.72 6.13 8.70 3.35
4.99 1.13 5.47 5.70 5.43 8.99 7.01 8.50 8.62 5.38
3.88 1.21 1.91 6.31 4.68 5.84 6.95 1.82 9.46 7.32
8.19 2.09 9.21 2.53 8.60 6.16 2.42 3.32 2.28 1.12
5.67 6.28 1.25 1.15 1.98 5.68 9.14 7.98 4.18 7.76
3.36 7.06 7.97 4.27 3.37 2.65 9.11 9.32 3.48 8.57
6.64 1.66 9.66 5.85 3.20 8.26 2.01 4.62 1.58 3.29
4.74 6.25 8.57 4.99 6.40 9.55 9.67 5.54 7.53 3.85
3.30 9.89 9.90 1.28 4.16 3.27 2.93 3.27 2.59 5.41

1.84 8.24 6.07 1.50 4.08 8.27 8.76 5.09 2.89 9.34
7.38 6.63 5.60 5.96 1.63 2.00 5.51 1.30 6.54 3.04
4.15 8.84 2.93 4.05 9.12 6.09 6.32 2.05 8.37 7.91
6.46 9.21 6.15 2.53 9.71 9.23 9.81 8.48 4.33 2.70
7.82 1.71 8.33 3.42 6.67 8.96 4.42 2.17 9.26 9.96
4.21 3.40 8.80 6.14 6.45 7.92 2.24 2.77 8.97 9.60
9.69 5.43 8.81 5.84 6.97 8.52 5.07 6.77 7.00 8.40
8.47 4.82 9.11 6.80 7.24 5.78 5.76 1.66 6.95 5.01
1.61 1.16 7.42 9.41 6.30 3.87 7.33 7.54 5.64 6.30
7.14 5.33 1.73 5.95 1.17 7.70 4.47 5.24 4.47 1.47
