8.68 9.03 5.78 7.60 9.93 4.03 9.61 4.44 1.34 2.49
2.73 8.87 9.90 9.46 9.77 6.00 9.74 9.24 9.66 4.49
1.90 2.42 5.65 9.11 5.53 2.35 9.11 9.62 2.45 6.94
9.66 1.13 5.97 5.44 7.73 5.90 8.47 7.33 9.34 8.80
8.82 2.07 7.68 8.72 1.53 7.45 4.72 1.27 6.69 4.38
4.76 7.59 5.81 9.41 6.70 1.34 1.76 5.82 9.96 3.21
2.76 9.62 3.33 7.72 5.06 1.06 3.62 3.52 7.39 2.96
2.32 6.22 4.03 9.00 4.94 4.56 6.44 8.66 4.83 3.13
3.04 8.59 9.72 7.85 8.01 6.42 8.19 8.77 2.24 8.15
1.97 4.00 7.77 4.31 1.72 2.83 4.37 4.34 5.35 1.76

6.30 6.67 6.98 9.33 5.67 1.92 3.89 2.12 9.58 7.72
4.25 2.62 6.32 3.97 9.47 4.32 9.39 7.66 3.09 1.63
5.81 4.06 4.63 3.58 7.37 5.35 5.41 1.74 8.70 9.76
2.50 5.00 6.44 8.48 4.33 2.11 9.40 7.22 3.23 8.98
4.94 6.48 1.60 1.26 9.44 1.07 4.59 8.83 7.73 6.68
9.47 3.54 9.74 4.10 6.13 7.11 8.45 1.54 7.85 7.14
1.31 9.35 2.14 6.74 7.83 5.47 7.85 7.23 2.68 1.08
6.21 6.63 6.55 6.81 6.89 6.00 6.88 1.47 4.83 4.61
7.15 4.30 7.16 6.89 7.39 3.29 4.00 5.84 3.83 1.85
2.99 4.13 1.20 4.12 9.88 8.03 8.59 7.73 5.27 1.27
