2.10 8.21 5.09 2.62 9.74 2.03 7.56 3.04 9.61 9.29
8.04 1.48 6.34 8.95 4.06 6.96 3.94 1.49 1.89 6.25
3.28 1.54 6.59 9.85 7.89 3.90 8.10 2.96 1.35 5.87
4.55 2.44 4.08 8.64 4.06 3.82 9.67 1.62 5.86 9.28
9.92 3.90 9.76 6.26 2.85 3.81 3.22 5.80 4.30 4.12
2.05 6.58 4.66 7.64 6.43 2.55 1.54 4.53 4.50 1.88
9.41 8.05 3.33 3.49 6.69 6.38 6.30 6.36 7.01 2.16
5.64 6.92 5.07 5.40 3.18 6.92 8.21 5.41 2.72 2.51
8.52 3.76 8.09 3.18 1.40 4.52 4.73 1.94 8.06 8.23
2.82 7.46 6.28 5.15 9.95 2.97 1.53 6.25 8.33 7.54

7.42 3.97 4.46 2.49 8.37 6.65 8.41 6.59 2.05 1.12
8.10 9.57 3.89 6.19 2.75 4.29 9.71 6.48 5.23 7.77
4.71 7.05 5.23 10.00 2.20 5.18 2.97 2.73 1.44 1.31
9.27 7.85 4.28 3.73 9.34 2.65 9.38 7.75 8.24 1.43
7.87 6.34 1.01 1.76 2.53 2.76 5.05 2.24 8.24 9.28
9.01 2.96 6.33 4.25 2.96 7.53 8.43 4.93 9.26 8.87
5.23 8.53 6.72 8.51 2.27 6.06 1.17 1.65 3.81 8.40
2.08 1.68 4.74 2.08 2.44 6.27 3.84 6.49 7.51 2.09
5.77 6.52 4.04 2.11 9.77 6.00 8.64 8.20 9.92 7.90
7.06 5.16 6.43 3.78 3.67 7.70 8.84 3.83 8.35 2.65
