8.53 9.40 5.37 8.21 5.74 9.48 6.56 6.94 5.85 9.84
6.00 5.41 9.44 2.62 6.55 8.50 9.52 8.88 7.88 7.10
7.89 4.14 1.85 7.01 5.51 1.73 4.53 2.43 7.60 4.29
1.34 6.13 3.69 5.70 4.34 8.43 5.19 9.90 5.36 1.03
9.74 1.37 5.44 9.18 2.99 1.99 7.68 2.51 9.87 5.56
8.61 7.76 8.70 9.45 4.76 4.21 1.18 8.29 5.65 7.78
2.58 5.98 3.91 5.28 1.69 7.24 3.70 5.87 7.14 8.07
5.90 6.88 8.44 1.34 6.06 1.42 2.33 3.74 2.93 2.20
8.31 1.54 8.96 7.01 9.99 3.72 1.22 1.18 2.01 5.87
7.96 3.60 1.85 1.86 7.87 2.53 8.11 1.58 7.41 5.25

8.65 3.31 2.13 7.08 3.65 7.20 7.51 4.98 9.94 9.44
6.18 8.25 9.98 5.14 5.26 9.97 7.86 5.47 1.15 8.88
1.34 8.11 2.47 2.19 8.97 9.35 3.72 7.07 9.93 1.13
2.32 8.57 3.43 3.46 5.66 6.08 9.65 3.17 1.06 9.59
2.61 6.24 7.84 2.59 1.39 3.10 2.56 8.25 7.57 2.71
7.13 7.91 9.81 8.60 9.10 8.78 7.95 2.82 5.86 7.87
2.94 7.18 6.45 5.38 9.63 2.11 1.46 9.28 4.28 1.52
8.88 5.89 6.77 6.72 7.47 7.15 8.81 9.03 5.40 6.38
1.74 2.53 4.29 1.55 1.13 3.39 9.34 8.07 5.20 5.19
5.95 7.15 2.37 2.40 2.53 2.00 3.51 2.99 1.29 6.78
