1.16 5.49 5.37 7.11 7.72 1.47 3.44 1.27 5.10 7.50
3.78 4.31 3.97 7.45 8.10 9.40 9.65 3.42 2.87 9.98
5.49 4.99 8.64 7.98 8.97 5.59 6.07 8.86 5.76 9.32
6.74 5.92 4.81 2.10 3.04 2.53 2.58 5.47 2.80 6.67
2.97 5.58 9.99 5.94 3.04 8.09 5.34 2.69 1.51 7.21
2.67 6.00 2.20 1.31 3.98 1.17 5.90 9.05 9.04 1.67
8.37 5.77 6.59 3.18 6.88 8.63 4.70 8.45 4.10 6.50
5.13 6.07 2.09 5.12 2.02 4.12 3.20 6.36 5.81 3.71
3.57 7.48 8.71 4.77 7.79 2.69 4.94 3.69 1.74 3.98
4.36 9.11 8.75 9.95 2.28 5.63 8.57 5.99 4.08 2.67

2.49 8.21 7.75 3.58 3.33 8.76 6.70 5.53 5.12 2.51
8.24 7.69 8.99 6.95 2.45 6.78 8.64 6.39 9.47 9.39
9.37 3.82 8.49 8.13 3.77 9.78 3.76 2.34 5.77 6.84
4.02 7.26 5.05 1.76 9.83 7.38 9.53 6.53 2.91 4.65
8.04 1.14 2.33 7.03 7.09 3.79 3.81 5.74 9.18 3.28
5.12 8.55 6.10 3.62 6.68 8.87 3.39 9.44 1.21 8.16
6.28 4.23 5.42 1.33 4.99 5.25 7.70 4.52 1.79 9.61
8.16 8.83 9.75 9.50 5.86 6.84 3.28 8.68 2.58 2.46
1.95 6.70 1.02 7.05 9.32 6.69 5.92 2.71 6.13 6.13
9.87 2.41 9.35 5.29 2.73 4.34 9.54 9.43 7.86 1.33
