9.38 2.55 7.06 6.50 1.28 5.85 2.78 10.00 7.62 1.25
9.63 3.98 3.30 1.12 5.67 6.64 9.76 2.62 4.22 5.33
5.70 2.21 5.43 5.34 8.63 2.84 5.09 7.17 6.12 8.35
5.28 5.50 9.90 2.34 2.00 1.18 7.19 3.78 1.17 4.81
4.03 9.80 7.79 6.33 9.92 3.46 2.97 9.68 5.08 6.19
5.01 9.78 7.40 9.44 5.12 6.03 2.28 9.22 3.20 7.40
7.57 7.49 2.90 7.47 8.83 3.90 7.64 6.02 6.68 7.82
9.83 9.71 7.62 7.62 6.04 7.54 1.08 8.02 7.22 5.16
4.21 2.22 4.94 1.61 1.66 9.07 6.65 2.95 8.29 8.85
9.35 5.86 6.34 2.25 3.32 5.17 5.15 9.97 1.19 1.83

7.78 1.02 1.54 5.40 7.64 6.59 2.94 7.72 4.60 9.16
2.88 7.81 1.38 6.82 8.43 2.05 5.89 5.07 3.99 4.17
3.92 3.34 9.03 9.26 4.59 2.35 4.43 8.75 2.31 4.62
9.58 9.10 4.64 1.12 4.50 2.27 6.71 6.45 8.99 1.31
5.61 1.86 8.13 5.99 7.68 6.55 7.04 3.57 1.62 1.03
6.74 4.55 3.37 5.77 3.81 6.97 7.12 7.23 5.71 8.43
1.85 5.29 7.53 5.48 5.41 2.04 6.76 2.12 7.48 5.75
2.43 3.09 6.61 9.56 8.08 4.29 6.11 5.11 6.86 6.74
5.14 3.60 1.28 7.52 8.37 4.09 4.48 5.49 1.32 9.20
3.92 2.17 4.49 1.45 6.66 8.90 2.49 3.41 1.02 8.97
