7.82 1.08 1.54 6.84 6.79 8.38 4.30 9.48 1.66 1.93
6.96 8.27 6.19 4.59 8.33 4.93 7.01 2.31 3.64 7.27
8.69 4.22 3.87 9.85 4.96 6.47 3.25 8.60 4.33 6.08
4.99 2.16 6.15 5.53 8.00 2.94 3.92 2.30 2.42 4.58
3.23 8.39 2.85 8.42 2.98 1.17 3.35 8.99 2.48 5.98
6.26 1.17 9.20 9.13 1.01 4.17 5.60 3.26 2.76 8.93
8.34 6.75 1.09 4.49 2.29 8.09 6.43 5.20 9.38 7.85
8.78 2.61 6.24 1.63 1.03 8.21 1.80 3.38 7.20 3.28
8.36 3.46 3.45 7.57 2.58 3.47 1.73 7.18 5.73 3.50
6.11 4.06 9.25 6.20 7.55 1.54 4.29 3.98 5.74 3.67

1.83 4.52 5.28 7.07 5.15 5.32 5.29 5.96 7.70 2.49
8.24 6.06 4.95 1.69 3.63 6.53 4.16 4.36 3.71 8.89
6.85 8.83 2.95 6.10 5.03 9.50 6.64 8.31 3.49 2.38
1.98 4.32 5.91 6.27 1.39 1.06 1.58 5.68 6.02 8.28
7.17 4.26 4.34 2.12 4.95 6.97 7.65 8.11 1.33 1.37
7.00 7.18 9.19 8.95 3.29 4.22 8.45 8.93 2.53 1.94
1.31 3.51 5.26 6.21 8.78 5.65 6.28 9.37 1.33 2.29
7.65 7.50 5.56 1.99 8.62 9.51 7.96 6.27 7.62 8.29
6.63 4.62 5.47 5.83 3.57 7.76 9.05 2.02 6.69 1.58
2.95 6.99 4.09 7.21 3.21 2.88 2.86 8.48 2.24 3.19
