4.16 3.77 2.51 4.41 1.43 9.65 8.92 4.92 2.99 6.12
8.94 3.45 1.89 8.14 4.64 3.91 7.76 8.27 4.67 8.31
3.96 7.39 8.43 7.69 3.63 4.73 1.77 7.67 4.06 7.68
7.64 7.22 1.45 9.16 1.64 1.88 8.81 9.55 5.80 1.80
5.67 4.74 4.25 6.56 2.88 7.89 9.47 9.64 6.16 4.14
7.95 9.12 1.53 6.38 6.81 4.16 1.12 7.58 1.83 4.18
5.25 8.47 1.40 5.70 7.63 2.04 6.58 6.44 1.59 2.38
7.24 6.26 6.12 1.50 2.82 8.00 8.39 2.30 7.63 4.55
5.44 5.58 3.67 5.97 1.96 9.49 9.13 2.08 7.06 9.95
5.26 2.32 8.42 5.66 7.02 6.05 6.70 3.60 2.49 7.29

4.98 8.73 3.55 1.10 9.23 5.37 8.10 7.62 6.67 5.74
2.17 2.11 1.32 4.85 7.08 2.28 4.33 6.20 3.36 1.40
6.16 7.62 2.72 4.58 3.29 8.74 9.63 8.98 2.34 2.12
6.27 6.33 9.85 8.82 6.43 9.08 4.20 4.53 6.70 9.87
9.27 7.88 1.98 9.59 2.73 8.06 1.87 6.06 4.26 4.23
6.46 9.42 1.86 8.18 4.00 4.15 6.92 3.63 3.13 8.26
4.75 8.40 4.58 4.60 7.22 1.01 3.69 1.42 4.54 9.39
1.29 3.81 7.27 2.26 3.40 8.99 9.32 4.27 5.05 3.58
7.50 1.51 3.00 8.36 8.69 5.99 2.51 5.60 8.62 4.64
3.86 3.37 3.04 7.45 6.97 9.26 7.46 9.66 9.69 2.01
