9.57 9.28 5.71 1.05 7.96 9.30 3.40 8.86 2.10 1.97
1.16 6.00 5.69 7.70 1.33 5.27 9.00 1.21 2.01 2.80
8.04 3.12 8.15 9.26 1.21 4.02 4.52 4.58 8.05 6.63
9.67 7.62 5.91 5.38 7.67 3.87 4.68 1.07 2.73 5.78
2.05 2.89 1.78 6.73 9.59 2.10 2.00 8.59 2.32 3.01
1.38 9.36 5.12 8.53 8.61 5.33 2.55 3.13 8.91 9.60
8.76 8.58 7.21 4.67 3.96 4.88 7.54 7.64 4.96 9.28
3.42 6.00 2.16 4.19 2.74 1.75 5.30 3.74 9.34 6.61
5.75 9.72 5.97 9.87 8.25 4.59 5.21 9.80 6.72 4.12
9.40 5.48 2.70 6.61 9.15 5.66 1.49 6.70 3.30 5.45

5.97 5.71 1.46 7.13 8.91 3.19 7.88 4.20 5.93 7.22
9.82 1.68 6.94 5.79 1.55 5.19 9.37 5.76 4.98 6.09
8.88 4.38 1.57 1.58 9.99 9.73 6.24 1.48 6.42 8.53
5.94 2.39 4.25 6.39 8.53 3.16 8.58 6.41 6.36 4.52
3.63 6.18 5.20 9.57 1.97 5.75 4.76 1.34 1.52 8.74
6.43 9.40 3.12 7.00 9.97 3.11 6.73 6.21 3.60 3.15
4.75 8.53 4.54 8.00 4.92 3.07 1.15 3.51 8.49 6.51
7.03 2.12 2.69 2.23 1.69 3.66 6.98 5.44 3.99 7.50
4.18 9.42 6.89 6.31 6.43 6.87 8.42 3.15 3.08 2.01
5.30 6.83 9.55 8.85 4.82 4.47 1.92 4.98 6.98 9.41
