5.80 3.75 3.78 7.88 6.62 6.96 6.41 5.42 5.38 6.65
4.61 9.89 7.35 1.97 7.64 2.26 6.64 7.50 4.11 8.36
3.39 9.28 6.59 2.53 8.16 8.25 6.81 9.24 2.59 1.42
3.70 7.38 4.17 6.48 5.26 9.78 3.44 1.67 5.21 7.83
7.32 8.81 7.72 4.67 9.78 5.36 5.92 6.42 2.86 9.04
4.78 5.25 8.31 1.38 6.78 6.47 8.63 3.58 5.71 1.21
4.00 8.41 7.60 7.17 4.89 2.86 6.95 7.34 3.53 2.16
5.17 9.85 9.97 2.89 4.51 9.75 7.25 9.44 6.17 9.11
8.47 9.95 4.35 6.79 1.33 1.13 3.25 8.96 3.71 7.96
9.17 6.71 6.37 6.77 3.88 1.27 8.62 9.82 7.61 2.15

1.98 2.77 2.00 1.95 4.66 5.51 1.70 1.91 4.94 6.87
1.01 3.42 6.83 4.37 9.20 7.15 4.50 2.46 6.11 7.21
9.42 5.28 3.92 5.79 2.05 6.79 6.06 9.67 6.62 3.67
1.83 7.60 5.44 2.82 8.55 9.10 7.33 9.25 1.01 2.27
6.12 1.02 4.69 2.95 4.39 3.89 9.10 7.89 5.35 5.21
5.10 4.77 9.50 8.01 9.56 1.55 4.81 5.62 1.22 1.43
8.29 2.05 8.03 3.73 3.87 6.58 2.84 1.20 5.82 2.85
2.48 1.94 2.87 6.17 3.89 6.26 9.06 2.99 4.15 4.41
7.21 8.24 8.18 6.70 6.26 7.74 7.25 1.06 3.37 7.48
1.49 1.66 8.52 8.52 4.39 2.39 5.09 6.22 2.60 9.92
