5.90 4.19 9.33 8.66 3.69 4.66 7.58 1.44 3.13 8.60
7.03 2.69 6.63 3.78 9.25 3.76 5.74 9.24 6.87 4.30
2.13 6.12 4.57 4.81 4.24 5.76 7.79 5.92 6.39 3.24
5.26 2.29 6.43 4.58 9.95 9.12 8.24 7.53 9.57 1.36
6.13 6.60 3.05 2.76 9.37 2.31 5.52 5.11 1.55 2.39
8.41 2.68 7.51 2.98 6.49 1.75 7.75 4.28 6.66 4.13
6.52 1.92 5.42 2.95 5.50 5.38 2.07 3.74 2.91 1.64
4.11 8.04 7.24 6.16 9.80 6.61 7.46 5.32 1.72 8.01
6.71 9.13 9.70 4.22 2.12 6.19 4.97 8.86 9.47 1.63
2.99 5.99 2.55 7.42 7.94 7.05 2.80 9.01 9.80 4.70

9.65 3.90 2.74 6.89 9.06 2.53 3.51 6.52 6.85 4.23
4.53 3.56 3.36 4.23 6.78 4.48 9.42 1.75 3.34 8.88
2.38 5.33 4.87 3.93 2.75 2.81 9.98 4.55 1.82 9.78
8.25 1.47 3.68 9.99 7.37 2.73 2.52 9.87 8.26 8.37
4.10 2.79 1.94 6.46 6.02 7.72 9.93 5.44 8.46 3.27
4.32 9.84 7.61 8.19 3.76 9.36 1.00 3.74 3.91 1.82
3.52 2.16 2.29 6.20 2.15 8.66 7.93 3.67 8.53 6.19
2.04 2.63 7.98 2.98 8.08 4.00 9.70 8.02 8.44 8.16
1.29 2.76 8.00 7.90 9.95 1.76 7.26 9.95 4.51 1.17
1.77 7.03 2.32 3.07 3.23 3.47 1.73 1.16 6.14 9.25
