6.00 6.83 1.38 7.82 4.26 8.69 5.71 1.79 9.46 3.04
2.99 6.42 7.84 8.90 3.44 6.46 4.18 4.91 7.07 4.07
9.36 2.72 5.90 1.87 3.80 7.21 3.61 5.50 1.37 5.24
3.20 6.37 2.07 3.58 4.18 5.33 2.27 8.89 6.12 1.73
1.93 8.11 7.15 8.77 7.01 9.59 5.23 1.19 4.50 2.31
4.26 3.86 4.03 9.15 4.74 6.83 6.36 7.34 2.33 6.73
2.58 4.53 3.09 3.65 7.11 6.27 7.98 8.38 5.17 4.10
9.11 6.10 2.21 6.26 4.87 8.21 5.85 9.10 8.40 9.35
1.41 2.66 3.22 4.44 1.81 6.96 1.27 7.17 4.30 2.60
3.90 5.88 6.14 5.99 8.54 3.24 2.26 6.52 1.62 6.43

9.62 9.73 2.53 1.82 5.99 6.40 9.04 1.84 5.50 7.44
1.19 5.91 9.10 3.41 9.35 9.91 9.37 9.62 7.08 3.67
2.22 9.97 8.55 7.35 5.96 7.09 9.60 7.23 3.60 1.22
3.65 3.22 9.95 5.18 4.04 5.93 1.58 3.08 6.77 6.07
9.51 6.96 1.98 8.61 9.37 1.33 8.52 8.74 9.95 5.59
2.41 2.17 5.57 9.96 8.52 1.53 7.04 8.12 7.76 9.65
8.34 1.41 2.86 8.29 5.59 5.91 4.22 6.17 7.98 9.99
2.24 7.50 6.95 3.22 6.11 6.32 3.56 4.62 5.06 3.51
9.22 6.47 4.68 4.79 6.43 3.20 5.32 3.47 1.32 3.08
3.12 8.66 3.49 4.98 6.95 8.08 9.89 1.17 4.25 7.87
