1.61 4.92 4.91 8.48 1.29 4.63 9.74 7.43 6.61 5.04
6.01 2.21 2.14 3.48 6.55 2.87 6.14 2.75 9.75 1.57
2.99 8.86 7.42 8.27 7.45 1.92 5.94 2.93 4.43 2.47
3.45 5.04 6.39 7.36 3.52 6.68 1.98 3.25 4.11 7.59
7.30 9.13 8.80 8.43 2.61 5.35 1.31 7.74 7.10 1.06
8.32 9.09 8.92 5.74 7.36 6.37 6.66 3.30 8.29 1.09
4.77 1.74 5.13 1.15 8.09 7.65 6.83 9.08 9.90 9.94
6.67 7.19 9.07 5.47 5.62 1.68 9.82 5.93 8.42 6.92
5.99 6.74 6.02 4.90 2.48 3.38 1.27 8.14 5.68 8.56
8.23 9.45 9.30 3.36 9.60 7.39 1.00 6.43 6.47 9.90

6.38 3.14 7.09 5.45 7.61 2.71 6.12 7.44 7.64 4.54
4.36 3.63 1.28 9.37 7.53 2.76 2.75 7.80 9.89 7.43
6.36 8.12 6.88 5.65 1.47 6.48 3.04 1.48 2.91 8.51
1.38 8.29 1.65 7.47 3.73 8.26 9.18 8.86 5.70 6.83
3.40 9.06 9.46 3.68 8.43 6.99 5.44 1.18 4.79 5.33
7.61 1.14 3.45 4.49 5.79 3.92 9.97 7.84 4.40 2.87
6.35 4.78 1.16 7.00 2.24 3.89 5.26 1.43 2.75 9.96
7.25 5.16 9.02 6.71 7.84 7.45 3.70 3.28 7.64 7.48
7.61 5.25 7.63 1.06 8.74 3.42 3.98 8.71 1.26 7.38
1.58 6.60 2.16 1.74 3.60 3.40 4.64 7.86 3.83 6.39
