8.41 9.77 4.99 8.70 6.81 5.19 3.78 6.79 3.10 7.72
9.79 8.31 2.50 7.32 1.26 4.20 8.83 3.68 6.77 3.05
1.39 7.98 3.92 2.44 7.36 1.60 3.47 9.21 7.13 2.70
3.24 5.54 2.47 7.23 4.24 8.28 2.42 7.02 5.07 4.52
4.74 4.86 2.83 6.24 2.18 3.09 9.44 1.01 5.77 6.22
3.06 6.15 4.20 5.98 7.59 1.56 6.58 1.06 9.76 3.71
2.76 3.00 8.25 4.23 9.23 2.49 2.50 1.65 8.51 6.57
5.17 3.25 1.43 7.00 8.49 2.61 9.09 7.94 2.62 4.86
4.15 4.68 1.01 7.35 9.66 7.61 7.90 6.24 7.67 7.67
8.95 9.43 9.67 7.21 3.66 8.89 8.70 5.16 9.54 7.20

1.73 4.71 9.46 2.16 1.71 7.95 3.77 9.80 5.89 5.39
4.66 9.04 9.07 4.68 6.39 8.74 2.29 4.29 4.98 8.96
1.96 3.93 8.39 1.62 1.14 2.04 9.52 8.84 6.20 9.06
6.04 6.93 3.77 5.50 8.09 4.48 3.45 1.86 4.28 8.33
6.25 7.95 7.37 5.33 2.63 3.76 4.06 3.91 7.05 8.04
2.87 8.01 1.97 1.26 8.63 2.11 2.30 8.15 9.95 7.50
7.21 5.99 4.43 9.97 1.48 2.52 4.45 3.93 3.38 7.74
2.27 8.63 5.68 8.64 3.96 7.31 2.40 7.02 1.22 8.45
5.06 3.09 6.46 6.03 3.35 5.09 7.14 4.65 3.24 7.09
2.15 9.44 3.07 5.58 9.42 3.56 7.10 3.87 6.49 9.47
