5.40 9.48 5.45 6.33 2.83 7.56 4.19 5.55 4.99 2.83
5.32 6.23 2.55 7.30 6.38 2.01 6.35 2.54 7.52 1.87
2.13 2.43 6.28 7.28 5.46 8.62 7.30 9.84 2.16 1.81
4.02 6.56 1.30 8.47 2.90 3.12 6.03 6.08 7.68 1.02
7.91 3.00 6.25 9.46 9.30 2.63 1.47 5.64 4.17 8.00
6.51 5.30 9.43 2.79 2.58 4.89 1.42 8.89 4.73 2.58
9.70 7.75 8.14 10.00 6.22 1.04 3.12 2.25 6.12 9.80
2.27 4.03 2.79 7.52 3.49 2.09 9.15 3.97 6.73 3.32
1.96 3.25 7.62 1.39 5.04 9.20 5.28 5.45 8.09 9.01
7.03 7.79 6.76 5.17 7.79 2.97 5.21 9.91 4.22 1.33

9.70 5.48 4.36 2.50 3.00 6.86 3.59 2.15 9.83 9.32
4.47 1.79 2.57 2.09 2.18 6.60 1.29 6.46 2.06 8.37
5.47 8.09 6.16 2.22 3.26 3.95 4.19 7.48 3.86 7.41
7.81 3.56 2.89 2.17 5.06 4.89 8.03 7.64 6.04 7.86
6.96 9.51 8.65 8.53 1.59 9.82 5.13 1.88 6.28 6.19
9.25 1.75 4.28 5.42 2.97 6.55 8.37 6.17 4.02 2.22
3.58 1.83 4.79 5.47 3.00 8.84 9.36 1.04 6.49 5.40
7.89 3.45 4.91 6.54 1.98 5.51 6.36 6.12 6.38 2.65
2.31 5.64 3.39 5.59 1.05 5.37 2.13 8.42 1.53 5.16
9.64 4.11 5.99 4.43 8.58 7.99 3.27 7.94 8.03 8.76
