5.97 6.36 6.49 9.49 7.00 1.73 3.77 4.94 5.29 8.03
9.51 3.79 1.96 2.16 6.54 9.26 4.96 8.29 6.33 9.91
9.09 1.74 3.07 4.59 1.95 7.78 9.07 7.36 2.04 1.41
8.94 7.01 6.77 5.42 6.50 3.77 6.15 9.27 7.70 1.44
7.31 7.21 4.23 8.27 8.37 9.77 7.53 3.33 8.06 3.86
3.24 7.14 4.60 5.30 1.73 5.55 3.08 9.80 2.91 4.13
1.22 1.85 1.14 6.99 6.27 6.64 9.76 2.42 5.91 7.46
2.86 3.22 4.67 6.09 1.49 3.04 5.86 8.01 5.37 3.91
1.88 7.60 1.05 5.48 2.91 1.78 1.03 4.99 1.59 2.94
8.12 1.81 3.79 8.26 7.79 9.06 4.90 7.55 1.48 9.81

5.01 3.34 3.03 8.68 8.43 3.51 1.72 4.28 1.53 6.08
7.19 2.40 3.69 7.25 6.88 5.59 8.03 6.91 9.58 8.62
8.85 7.70 9.42 2.63 5.96 7.22 1.69 9.86 4.77 2.17
9.66 8.78 4.51 2.69 7.46 2.93 5.20 8.18 6.22 5.73
4.27 3.41 7.13 6.95 9.66 4.02 2.55 7.69 9.92 2.13
6.31 8.77 8.83 5.73 1.40 4.79 2.95 2.09 4.64 6.72
3.26 4.31 5.51 6.76 6.00 2.97 8.69 1.20 1.15 4.91
5.93 4.41 7.32 3.06 1.37 6.98 6.08 2.91 4.67 6.00
4.04 9.97 4.77 2.87 5.71 5.17 6.66 7.66 6.26 1.30
4.38 8.52 4.61 8.89 5.28 9.60 1.85 3.98 9.80 2.00
