4.76 9.58 8.34 9.97 4.56 9.80 1.26 4.70 3.11 4.65
4.96 4.69 5.40 9.53 5.30 2.35 8.34 3.45 5.58 3.69
8.96 4.31 3.30 3.00 8.35 9.28 2.43 5.28 9.08 1.21
5.02 3.84 9.79 3.37 3.82 4.36 3.17 4.08 8.06 5.28
7.73 3.02 8.97 3.13 2.55 4.27 4.48 9.89 6.73 9.06
3.58 5.69 3.37 5.88 7.69 1.72 5.16 9.12 6.00 4.24
9.33 1.03 7.08 9.12 3.39 9.90 3.48 5.56 3.98 1.54
9.85 1.71 3.56 8.82 3.83 5.11 3.09 7.31 5.00 8.82
6.37 7.58 4.51 8.74 3.46 2.21 9.46 7.61 1.33 5.46
1.85 9.66 5.49 7.93 8.79 7.88 7.83 2.27 3.45 1.81

2.81 3.29 2.52 5.37 2.11 5.35 9.48 4.20 2.67 4.48
3.02 8.04 2.06 6.54 6.77 4.52 7.74 6.23 2.13 8.07
1.69 2.98 7.73 6.18 9.92 6.52 4.06 7.75 7.79 6.51
8.56 9.60 8.80 1.08 4.97 9.91 5.43 4.45 4.12 7.10
7.93 6.14 5.14 8.99 2.68 1.91 3.51 9.42 7.14 4.64
7.50 7.84 6.62 5.23 4.02 6.54 1.75 7.08 4.29 8.54
3.59 2.85 8.13 2.40 2.93 3.10 2.31 7.37 6.54 5.43
4.47 4.47 1.57 8.61 3.46 3.25 9.52 5.97 2.67 6.66
9.61 9.17 4.50 6.23 4.40 7.51 2.77 5.15 4.60 6.06
3.69 7.19 7.92 1.82 8.59 9.85 3.92 9.90 7.22 9.46
