1.30 5.66 7.38 2.42 4.89 7.56 3.24 8.00 6.39 5.41
7.93 3.66 7.45 7.40 2.82 8.70 3.19 7.45 1.68 9.12
5.94 4.38 3.76 3.73 2.41 4.52 1.10 2.24 1.24 8.28
3.23 1.54 3.94 9.62 2.96 7.82 7.17 5.19 5.82 3.56
9.60 3.74 6.22 7.05 1.15 8.04 5.75 3.34 5.49 6.43
2.45 1.43 9.81 5.21 4.17 2.22 8.73 4.27 3.46 8.97
2.55 5.69 9.51 5.48 5.31 2.46 3.30 2.49 6.65 8.12
5.05 6.25 1.87 1.27 3.30 2.01 8.31 8.05 4.35 3.80
4.48 5.80 4.23 4.29 1.01 7.40 5.51 8.74 1.67 7.97
7.71 3.21 3.66 7.22 7.70 7.98 8.68 1.00 9.46 5.33

8.13 4.51 1.58 8.99 4.78 3.88 1.01 3.09 1.94 4.35
5.88 5.42 9.16 9.11 8.70 9.17 6.51 4.21 7.91 7.18
2.18 5.62 9.39 4.84 2.84 7.09 2.82 1.51 7.09 2.28
5.85 5.22 5.79 6.43 4.21 9.57 9.32 4.22 2.66 1.25
7.57 7.54 5.67 6.73 6.66 4.37 5.90 3.17 7.58 3.81
9.35 8.76 8.43 8.74 3.60 1.26 5.83 5.42 1.78 2.92
6.70 6.62 7.14 2.49 3.06 1.35 2.07 2.37 4.57 3.73
2.62 2.14 1.27 7.29 7.87 6.92 1.66 3.76 9.09 8.25
6.57 8.44 7.01 5.00 7.18 9.61 5.26 3.01 5.03 6.03
4.93 1.73 2.66 2.07 3.22 4.71 2.43 4.29 6.09 6.00
