2.40 6.22 3.43 7.23 4.21 6.20 6.74 4.60 1.52 4.09
9.72 9.83 8.38 8.53 7.82 7.17 2.29 4.18 8.77 2.63
2.42 5.37 6.16 7.04 5.57 6.36 3.23 4.38 9.94 9.94
7.37 2.34 6.16 9.79 8.58 9.37 5.99 5.32 3.97 6.51
8.40 3.69 6.34 6.79 2.22 4.16 3.95 3.51 7.34 2.72
5.14 8.76 7.09 1.30 5.80 2.66 6.66 8.03 6.04 6.60
7.97 3.41 7.94 4.14 3.20 6.52 3.51 8.19 1.83 6.49
4.70 9.24 9.18 1.04 6.02 1.40 4.19 8.98 3.92 1.53
1.70 8.05 9.29 7.79 8.36 5.09 9.46 5.02 3.12 5.49
1.62 1.10 7.90 8.56 4.24 1.10 5.07 6.75 8.29 5.91

3.24 2.99 5.15 2.41 3.03 1.17 2.82 6.22 9.14 5.73
6.76 9.85 3.79 6.05 7.64 2.15 1.14 7.09 6.16 3.26
2.59 6.78 3.36 9.49 5.33 6.60 9.58 9.41 3.35 7.87
5.32 5.59 9.86 9.46 7.00 2.89 9.63 8.82 8.11 8.77
4.56 4.87 8.62 7.34 9.92 6.26 8.49 1.06 3.35 4.65
3.32 4.94 1.43 5.69 4.43 5.76 2.29 4.01 5.17 4.64
1.88 9.49 9.23 1.74 8.95 6.23 3.63 8.59 5.05 1.75
7.36 8.61 5.62 5.98 5.96 5.53 2.24 4.45 5.59 4.59
8.10 7.91 8.53 8.53 3.60 2.96 4.29 4.89 5.97 8.47
8.53 6.85 7.96 7.76 7.59 6.91 3.99 1.22 5.50 8.05
