2.04 3.87 1.81 9.97 2.31 1.31 9.57 9.63 1.91 7.46
4.92 8.53 7.58 2.07 6.96 3.72 1.67 5.30 6.12 8.35
3.38 4.82 1.98 3.81 7.38 5.03 3.72 6.61 4.27 9.27
6.62 5.31 3.14 7.42 5.27 4.45 7.74 4.84 4.09 8.64
2.29 8.01 7.17 8.88 9.08 4.13 2.60 9.76 8.43 7.72
8.10 1.81 2.54 9.08 4.62 8.92 4.11 7.34 5.54 7.38
6.61 2.15 2.69 8.75 8.57 6.96 3.20 6.31 1.80 6.29
4.95 3.10 4.30 2.12 1.97 3.38 5.26 3.57 3.13 3.69
1.29 1.24 4.50 2.83 9.32 8.12 1.75 3.44 5.46 6.28
9.82 2.07 7.43 2.51 9.83 6.01 8.47 3.03 2.31 9.27

8.32 6.27 2.37 2.62 7.39 3.34 5.00 2.65 5.91 7.13
5.33 6.20 7.37 8.84 8.03 6.69 6.96 8.77 9.13 2.42
5.06 8.95 3.50 2.49 1.45 3.32 7.50 8.93 5.36 8.81
8.20 3.68 5.08 9.57 5.29 2.47 2.92 9.29 4.12 7.83
6.43 8.45 4.03 3.80 7.29 2.05 9.49 4.25 9.83 8.62
5.67 4.89 7.56 8.17 6.38 8.02 1.50 3.88 6.94 5.85
2.69 5.15 8.53 6.77 4.72 3.82 8.24 6.63 3.12 2.36
4.46 8.54 9.81 7.49 2.34 7.10 8.54 1.83 1.35 8.37
9.44 6.02 3.26 7.01 4.19 8.64 5.02 4.69 2.52 1.97
9.54 4.21 6.11 8.07 9.98 9.83 1.89 8.23 6.46 4.01
