7.01 7.71 7.14 7.28 5.00 5.01 4.21 5.67 7.77 3.30
3.91 4.34 1.74 9.92 8.34 7.91 9.53 3.59 9.92 4.56
8.63 4.85 5.28 1.28 5.92 7.50 5.00 7.35 1.79 1.08
3.35 7.80 7.79 9.48 5.08 2.80 4.49 8.29 7.46 2.26
1.59 1.37 5.60 2.32 1.29 3.93 9.24 9.82 6.53 9.16
4.38 5.15 4.01 8.66 5.44 8.93 6.17 9.43 6.28 6.96
9.52 8.62 4.76 7.31 8.11 8.85 9.10 2.60 7.14 6.57
3.85 7.73 6.94 8.45 9.05 7.23 2.39 8.29 7.05 7.92
7.44 1.44 3.07 1.45 9.10 7.50 9.38 5.27 6.94 5.66
2.23 6.45 4.28 5.99 3.76 2.39 4.84 2.87 3.98 1.98

8.43 6.84 8.70 5.37 5.29 7.75 2.60 6.68 6.04 8.66
4.59 3.48 9.09 6.66 3.93 8.19 4.17 3.31 3.46 1.10
7.97 4.69 6.55 2.25 9.68 9.32 3.64 4.52 2.18 6.62
5.49 9.62 3.45 4.20 4.99 7.74 1.95 6.59 4.42 6.99
5.25 8.01 9.47 4.34 4.68 3.41 2.54 7.84 5.72 5.00
7.94 3.69 8.69 4.50 4.95 8.37 3.81 7.58 2.88 5.00
4.20 7.38 4.61 6.65 1.57 8.60 4.40 2.52 5.19 7.82
8.51 9.44 5.83 7.99 3.78 9.51 1.39 5.31 7.35 6.12
9.31 5.29 8.81 8.00 8.79 3.76 6.36 2.60 1.34 8.24
6.60 4.54 5.62 1.21 1.19 6.19 8.80 4.59 7.71 3.99
