9.59 9.92 2.55 9.40 7.41 3.88 6.50 5.95 4.71 6.84
4.32 4.15 2.86 6.58 1.16 6.05 5.22 5.18 9.74 6.74
6.15 9.28 9.95 2.26 7.35 9.93 2.09 8.24 8.16 7.55
2.24 7.75 7.47 3.79 7.15 4.88 6.67 3.64 9.84 1.38
9.48 4.16 4.54 2.34 9.74 4.70 7.39 4.96 8.88 7.13
1.70 5.03 6.41 1.65 6.29 3.76 1.58 7.38 1.99 8.74
4.93 3.24 6.49 2.40 6.02 3.64 6.28 2.70 6.28 6.12
3.08 5.77 9.28 6.61 7.11 9.02 1.31 4.50 3.98 9.19
1.64 4.68 4.21 7.05 5.33 9.50 9.81 5.91 6.87 1.80
4.65 1.80 4.03 1.15 3.20 9.06 3.79 8.48 1.75 9.07

4.60 3.83 4.83 3.87 9.44 1.94 2.89 9.75 5.45 5.87
8.94 6.08 9.55 3.15 3.13 4.88 2.65 2.93 9.79 8.53
3.73 4.44 9.33 6.77 4.59 2.52 5.82 7.38 1.00 6.58
6.45 4.60 9.41 1.28 7.47 8.85 2.23 9.36 8.60 6.67
5.23 7.55 2.75 4.78 9.70 4.88 8.66 2.35 6.82 8.44
9.88 9.55 2.89 9.20 6.31 6.48 1.73 2.14 3.85 1.73
7.71 9.30 5.33 7.12 9.58 2.80 5.97 1.81 2.16 4.57
7.48 6.39 2.12 9.23 1.17 1.82 4.11 8.83 3.17 9.93
7.27 3.05 9.48 9.16 2.25 5.79 5.64 2.97 6.93 8.49
3.70 4.64 7.79 8.03 1.76 7.37 9.83 6.73 8.18 1.99
