9.97 9.90 7.36 7.26 8.91 3.50 3.79 4.69 4.08 2.49
8.26 8.17 1.30 6.10 9.34 5.71 2.72 5.03 9.72 2.16
2.73 1.61 6.22 1.27 7.64 7.92 4.07 1.72 8.97 8.03
9.82 8.94 7.93 7.18 6.20 6.84 9.68 8.99 1.53 3.76
1.48 8.79 1.93 1.78 4.89 1.27 6.50 6.60 5.30 6.22
7.77 7.03 6.82 3.99 7.30 4.47 1.91 1.36 5.19 9.88
8.40 5.01 8.82 6.33 2.19 5.02 3.16 1.87 4.01 3.69
4.63 4.49 2.48 5.55 5.28 6.37 5.82 1.78 2.97 1.12
6.99 9.74 7.15 3.81 3.73 4.44 7.28 4.64 4.80 2.47
4.52 3.20 6.47 3.33 8.53 7.66 7.35 1.69 8.53 1.36

4.39 3.15 4.86 5.87 7.71 9.14 2.24 3.53 9.91 4.21
3.65 6.91 3.95 9.79 9.72 6.67 4.23 7.00 1.31 8.04
8.47 4.83 1.24 4.94 7.16 8.77 2.60 4.51 9.46 1.13
4.88 3.84 3.29 8.73 8.71 10.00 7.87 9.95 3.52 7.78
4.15 6.17 4.69 7.10 5.96 4.41 3.77 9.19 1.41 4.09
7.23 8.88 7.92 7.47 3.82 5.08 6.24 5.43 8.59 5.69
5.56 3.47 8.53 7.85 2.20 7.25 7.84 9.07 7.19 1.37
6.85 1.35 6.54 1.54 7.45 2.50 4.95 1.22 1.69 5.37
4.31 7.92 4.25 2.22 5.39 7.07 6.30 1.63 2.50 4.89
6.32 7.06 7.36 4.85 4.91 8.56 2.10 2.76 7.62 8.29
