5.97 7.05 9.69 4.05 3.61 6.79 5.43 6.73 3.68 3.33
7.12 9.93 2.78 1.70 1.97 3.46 3.40 5.11 7.66 8.04
4.23 3.22 4.30 7.32 1.60 4.99 1.69 8.23 9.40 8.63
3.88 5.37 5.67 3.56 8.42 8.28 9.36 3.85 5.01 3.04
6.18 2.13 2.97 7.96 2.83 3.94 1.42 5.23 8.05 8.08
3.27 2.27 1.30 6.56 8.59 1.90 1.56 9.28 9.13 9.96
7.90 3.01 5.32 3.57 5.57 3.74 1.85 4.93 6.59 5.86
6.96 2.77 6.99 8.93 9.73 8.83 2.87 1.15 4.06 9.91
8.22 6.32 2.19 8.52 2.88 9.78 9.42 3.44 9.06 8.55
3.40 6.96 1.56 7.72 9.53 6.13 1.46 1.39 1.05 7.05

6.25 7.02 8.82 3.24 5.94 8.54 2.07 7.81 8.69 5.13
7.72 6.91 1.45 8.91 5.43 3.33 8.69 4.85 5.77 7.75
3.39 8.17 4.71 3.95 5.89 4.24 9.08 6.36 4.63 9.13
3.41 9.88 6.15 2.23 3.12 2.09 9.77 4.19 8.90 8.45
8.32 6.63 5.37 8.77 5.54 9.80 2.10 4.23 4.64 6.88
1.99 7.03 5.05 5.70 9.98 9.94 8.94 9.06 6.30 3.57
8.19 8.71 3.45 4.34 9.94 5.57 5.43 9.70 8.76 4.33
8.16 7.08 9.96 3.52 5.85 5.50 3.32 6.95 8.73 6.96
3.83 9.72 3.99 7.88 5.41 3.98 7.82 4.35 3.04 4.12
6.92 1.23 2.83 9.36 4.57 2.77 4.93 9.00 2.47 3.69
