3.12 4.48 8.64 8.66 5.02 6.08 1.16 8.97 6.30 1.85
4.34 9.61 8.77 7.59 1.84 4.16 4.66 7.14 4.79 6.16
2.03 1.11 3.22 8.38 4.96 7.13 6.94 6.06 8.89 4.56
4.35 2.01 8.04 2.99 9.67 3.06 8.07 9.83 2.03 4.38
1.68 5.37 3.99 9.45 2.96 4.83 3.61 6.61 1.97 7.40
2.77 2.99 7.50 4.99 1.38 2.46 2.12 7.32 7.52 1.01
1.88 1.87 2.02 8.92 3.86 1.70 1.98 1.94 1.53 3.02
5.31 2.21 7.39 8.30 1.66 9.34 3.13 4.27 5.96 4.10
1.67 7.73 6.09 8.17 2.72 6.47 9.64 3.84 3.79 7.16
3.85 4.67 8.04 4.88 3.59 1.90 5.58 4.58 2.84 6.11

6.59 7.15 7.32 3.98 5.45 7.98 3.33 7.58 2.25 8.28
1.68 2.92 6.01 6.77 1.09 7.73 3.23 9.73 1.57 6.02
6.90 4.43 9.69 4.93 8.31 3.28 5.83 3.88 6.86 7.67
8.99 3.45 4.82 6.31 6.43 9.27 4.29 8.76 6.85 5.54
7.04 7.53 7.46 3.05 4.29 7.55 9.79 6.53 7.28 1.36
2.54 4.18 4.79 2.23 8.11 3.10 4.51 3.95 5.98 1.37
1.62 4.97 3.82 5.44 1.28 9.25 4.71 4.57 8.01 1.56
9.11 5.05 8.09 6.56 7.10 2.38 4.12 6.89 7.90 1.40
7.25 9.45 4.58 2.04 1.68 2.69 4.14 5.19 5.64 9.12
5.56 6.26 4.09 8.38 1.70 4.37 7.63 5.41 7.94 5.64
