6.15 3.44 8.55 8.33 3.75 6.76 6.41 4.84 6.55 3.68
9.19 2.73 7.87 5.82 2.68 4.71 3.84 5.10 9.63 6.63
8.36 5.85 5.16 8.88 4.01 9.22 2.84 8.21 3.29 2.79
4.40 8.44 5.22 2.95 6.77 7.97 8.71 3.18 2.81 5.26
5.86 2.00 7.00 3.73 6.82 8.68 7.44 9.66 3.78 7.08
6.29 2.14 2.93 1.45 1.02 5.94 9.66 2.86 4.15 2.95
4.65 7.55 1.39 8.87 9.50 7.16 6.84 8.22 9.34 8.65
3.48 5.20 9.66 9.48 7.93 6.48 8.15 5.37 6.14 1.93
2.45 2.43 3.08 4.38 2.88 3.09 9.32 2.54 4.95 3.47
4.49 8.60 1.03 4.88 7.47 9.53 2.03 4.32 7.75 1.37

2.97 1.23 5.57 2.62 9.70 3.49 8.10 7.86 7.86 4.24
8.79 9.31 5.67 1.87 3.69 7.54 3.96 3.01 9.08 7.91
5.49 3.57 6.51 5.51 7.44 3.98 5.04 8.48 7.30 2.79
8.85 9.26 3.02 4.41 1.89 2.72 6.90 8.99 9.57 4.77
3.23 8.36 4.08 7.89 9.23 6.77 5.43 3.19 8.78 4.51
1.10 4.27 7.08 6.61 8.78 4.52 9.59 3.83 3.00 6.89
5.62 1.85 6.15 7.63 5.26 7.04 9.35 2.16 6.03 8.93
5.93 8.25 7.29 9.01 6.15 6.52 5.78 1.58 8.71 4.57
5.09 8.81 7.84 2.17 5.41 6.62 5.69 5.00 9.45 7.69
1.89 5.06 8.54 7.04 2.69 3.80 4.08 2.05 4.96 9.10
