9.80 3.71 2.88 3.05 6.97 7.78 6.69 2.41 1.58 5.14
1.72 4.83 3.58 8.95 2.32 9.24 5.95 9.60 9.56 9.11
5.69 7.69 6.88 7.48 5.51 9.56 7.18 8.14 1.61 4.57
2.61 1.40 7.27 4.49 3.45 4.24 2.27 9.14 5.65 2.84
4.28 6.37 6.67 6.86 5.32 7.99 6.10 1.27 7.59 5.65
9.38 3.28 3.35 6.27 9.76 7.86 5.82 6.94 6.00 6.43
1.51 7.61 6.83 7.78 2.10 9.28 2.02 3.37 8.42 6.67
5.21 2.70 3.04 1.88 8.56 7.36 8.88 4.66 7.63 6.46
9.31 7.01 8.75 2.66 3.27 8.51 9.52 8.10 5.45 5.52
4.53 5.96 3.13 1.36 3.74 4.23 9.64 4.76 6.60 8.07

1.43 1.82 9.77 3.47 2.70 8.33 9.82 1.58 2.99 7.45
7.04 2.30 4.46 5.79 3.96 6.73 4.30 3.48 4.83 8.75
8.00 8.36 4.70 1.13 8.72 7.45 4.37 8.36 2.21 9.97
6.42 2.64 1.79 6.19 5.11 3.49 4.52 4.93 4.06 6.51
2.38 1.11 7.82 5.84 5.89 1.78 2.57 9.19 4.26 6.40
7.93 2.27 4.76 2.64 2.40 3.48 9.09 5.77 1.83 1.30
5.74 7.26 2.94 6.53 3.45 7.05 9.01 6.98 1.98 3.08
3.49 3.37 3.18 1.31 8.21 8.08 2.09 9.78 7.26 5.36
6.19 5.20 6.62 9.95 6.84 8.02 3.42 5.92 3.79 4.26
6.22 8.53 1.52 8.16 5.06 3.97 5.20 4.07 9.95 6.19
