8.15 9.32 5.06 3.25 5.67 6.93 4.99 8.47 8.28 3.41
4.21 6.81 3.42 1.03 7.31 4.43 5.19 3.50 3.46 4.63
3.46 7.97 9.33 8.82 2.54 4.31 7.70 3.20 1.33 5.89
3.39 8.48 5.21 7.45 1.73 9.87 4.39 5.72 8.35 2.66
8.13 2.56 8.47 1.55 2.59 5.78 4.98 6.78 8.28 7.44
1.41 1.74 5.42 9.74 9.56 6.95 4.05 7.26 9.15 4.38
3.15 2.54 2.86 7.36 9.00 3.59 7.23 3.38 8.30 5.58
5.05 6.43 7.14 3.52 6.99 8.73 8.31 1.97 5.50 6.59
8.41 5.91 7.33 3.83 5.65 6.89 9.78 8.70 4.15 8.93
3.08 6.30 1.48 4.94 3.65 9.47 7.52 9.88 2.86 5.83

5.46 6.91 2.26 2.60 9.43 8.25 1.32 7.74 9.22 5.83
4.33 7.63 1.74 1.66 1.45 6.40 7.55 1.23 5.10 1.69
9.17 7.17 6.99 9.64 2.11 9.64 9.12 8.64 9.53 1.97
4.46 4.99 7.88 5.73 6.59 7.31 3.98 6.91 5.05 3.19
2.74 8.38 9.82 3.48 9.04 1.27 8.88 6.59 1.50 3.97
7.28 9.67 1.15 4.27 9.31 2.26 3.92 8.43 9.89 3.44
9.40 4.36 7.43 7.28 9.08 4.02 4.59 3.06 9.94 8.65
5.25 2.68 7.03 5.07 5.16 6.07 5.34 4.03 2.65 5.84
7.01 8.93 5.51 7.15 3.20 4.82 8.41 6.12 3.24 8.30
8.57 2.64 2.66 6.00 8.93 1.75 9.02 3.52 3.81 8.96
