2.17 8.06 1.63 8.19 3.12 5.79 4.26 7.46 8.82 5.91
3.30 5.83 4.85 7.81 2.98 7.05 2.62 1.39 3.17 4.87
8.69 1.74 6.51 1.35 6.74 5.44 2.10 5.76 7.96 4.90
4.72 9.13 2.96 5.35 7.32 5.09 1.14 1.58 2.55 8.96
6.49 4.84 4.79 1.34 2.65 6.77 7.39 4.27 7.16 9.56
8.14 5.85 1.30 4.65 6.20 7.04 9.08 7.30 2.79 7.04
2.20 6.51 6.17 4.16 1.86 3.49 8.25 2.00 4.07 9.80
9.96 9.56 4.64 4.75 9.90 6.29 1.52 7.29 9.56 7.68
6.86 7.70 3.53 7.15 2.35 8.73 4.19 1.43 6.02 5.98
7.47 7.23 2.49 3.64 1.39 3.36 6.13 8.64 4.35 9.20

8.44 4.32 8.76 3.08 8.07 8.67 8.37 8.59 5.96 7.93
6.27 2.82 5.63 8.79 8.97 6.98 7.52 3.16 7.41 3.54
8.15 4.88 9.77 9.64 7.53 1.16 3.00 3.66 8.80 6.35
2.86 7.24 9.67 1.62 9.32 7.73 9.29 7.69 6.32 5.25
5.61 2.59 7.06 1.24 1.38 6.03 7.22 7.90 8.19 4.63
1.44 6.34 8.51 1.21 5.98 6.04 1.38 7.97 8.70 9.18
4.32 1.55 6.42 3.99 2.17 5.74 1.73 1.46 3.43 7.05
5.71 8.04 8.64 2.77 8.29 9.02 7.80 5.50 6.92 6.00
9.13 7.36 2.34 7.64 7.58 7.32 3.68 7.95 5.29 2.38
7.14 8.62 2.93 3.56 2.61 4.11 8.30 3.33 4.57 1.73
