9.38 9.28 8.77 8.02 2.05 7.06 7.04 8.85 2.56 3.96
4.85 1.69 1.32 6.19 8.34 7.90 3.50 2.02 5.86 7.80
3.40 2.99 6.41 5.33 5.55 8.02 8.44 3.85 1.35 3.01
4.58 9.74 2.29 3.35 7.76 3.34 9.41 4.80 2.19 1.97
7.76 6.04 2.66 8.09 2.23 1.00 5.99 4.73 2.02 1.84
2.53 4.42 3.84 7.94 8.76 8.39 5.96 7.20 2.24 6.32
9.21 5.82 6.05 1.50 8.17 3.81 3.83 7.58 7.61 5.02
8.55 5.37 1.06 1.21 3.46 2.29 1.22 8.45 6.02 2.24
9.29 7.55 5.66 3.13 5.49 4.42 1.52 1.45 1.62 2.76
6.76 9.83 7.58 2.82 1.32 5.75 5.63 4.16 3.33 3.24

8.18 1.88 7.61 8.24 2.09 1.08 9.53 2.31 8.53 5.55
3.55 7.82 3.09 8.21 9.95 7.58 2.63 1.47 8.03 3.25
3.23 4.79 3.08 9.80 6.61 3.40 5.55 2.23 6.56 7.88
4.47 4.73 8.76 2.09 2.97 9.85 2.16 2.50 2.15 9.69
7.05 4.70 7.51 9.14 2.91 7.46 6.72 4.54 7.93 4.75
6.79 1.16 8.54 8.86 9.96 5.15 2.26 5.51 6.38 7.82
3.39 9.85 2.55 2.15 1.94 4.53 2.00 3.11 6.03 3.15
2.80 3.08 6.85 9.30 2.22 8.76 6.77 7.94 3.30 4.70
2.69 9.09 4.85 1.23 7.95 4.81 5.38 9.21 9.32 1.76
7.03 2.71 1.61 8.58 3.86 2.55 3.10 4.86 4.66 8.13
