3.68 1.38 6.23 1.48 5.05 5.49 1.21 8.47 1.10 6.99
8.47 6.76 7.54 3.11 9.42 8.86 8.00 4.01 9.86 6.55
9.21 2.50 4.93 4.42 9.88 9.32 6.88 9.06 5.39 6.14
2.97 8.07 6.53 8.20 8.55 1.58 3.68 8.75 9.05 3.79
5.75 7.52 9.55 3.28 9.63 8.97 2.14 7.62 2.98 2.00
4.17 2.19 3.50 8.10 5.61 3.38 7.42 2.49 2.45 2.81
7.63 4.42 9.88 4.15 2.61 8.43 4.73 5.29 7.18 3.78
8.08 2.93 1.30 7.63 5.21 9.92 6.60 6.35 7.55 8.58
7.35 1.72 9.77 9.85 8.82 5.38 3.23 6.25 6.86 4.68
8.06 4.49 8.09 7.94 7.65 9.71 6.37 2.38 5.00 3.55

5.16 3.08 5.47 5.46 9.72 9.68 5.38 6.32 6.04 2.93
4.90 3.39 3.65 4.66 3.24 2.47 9.04 5.47 7.72 5.91
9.15 5.78 9.40 7.25 3.72 7.05 6.96 9.09 8.43 1.96
2.63 3.59 4.04 7.11 8.04 3.76 6.79 3.42 9.08 2.83
5.35 3.98 5.22 8.00 7.64 7.46 9.47 6.68 2.93 7.19
2.59 2.09 2.97 1.99 8.33 5.69 8.04 5.29 4.77 6.47
6.25 6.41 9.06 9.29 3.51 7.10 3.04 9.31 9.52 2.12
2.13 4.87 5.10 6.35 2.87 2.74 3.81 2.34 8.42 5.74
8.53 1.01 6.82 1.50 2.00 5.16 6.19 9.04 9.45 9.96
5.51 5.69 6.37 4.56 4.98 8.88 1.66 7.02 8.19 1.19
