7.01 6.45 1.21 3.86 5.76 2.43 2.62 2.53 9.37 4.92
6.22 2.06 4.00 1.07 2.30 1.95 4.89 6.67 1.16 4.21
7.43 7.18 5.92 8.04 5.76 8.78 9.59 7.87 3.64 4.25
6.00 9.65 9.71 6.21 3.51 5.47 7.64 5.12 6.99 7.01
9.04 3.21 8.08 3.04 3.29 9.37 3.99 7.17 6.04 4.15
1.38 3.47 1.34 6.30 1.51 6.10 5.08 1.11 3.97 7.72
4.36 8.96 7.37 4.07 5.17 9.88 8.54 2.81 5.00 5.53
8.82 4.04 7.75 6.90 6.09 1.04 6.27 9.08 7.21 2.31
3.23 7.59 4.78 3.57 3.89 5.30 8.67 7.98 5.41 2.63
5.70 8.77 1.60 3.07 2.84 5.77 2.95 1.38 7.58 6.95

5.91 6.40 10.00 3.66 3.30 6.08 3.69 8.56 5.16 9.90
9.87 7.39 7.50 4.66 9.96 1.39 8.96 8.63 8.37 4.36
1.26 4.07 3.13 1.86 6.15 4.97 6.62 8.10 5.35 4.20
5.05 1.26 9.60 5.05 3.92 2.90 1.13 6.61 1.46 5.29
6.51 1.34 2.68 4.01 5.00 2.64 4.40 3.95 1.26 2.77
7.31 1.52 5.85 9.44 2.38 1.99 4.41 8.00 9.09 8.75
2.20 4.15 9.01 1.81 8.20 2.93 3.71 8.32 8.54 4.17
3.61 5.05 4.51 5.29 8.06 8.50 6.93 2.47 2.46 7.19
4.24 8.77 7.72 9.08 8.21 9.09 1.08 2.62 7.10 9.17
1.37 8.30 3.32 9.38 9.11 1.51 2.31 2.82 8.84 9.85
