1.72 5.78 7.56 4.46 9.56 4.60 6.39 1.73 3.09 2.60
2.49 3.20 4.34 8.56 5.52 7.37 5.96 4.39 6.85 6.32
9.68 5.00 4.38 1.89 1.07 4.60 5.83 4.19 2.30 8.45
9.68 3.01 4.23 7.24 6.47 3.79 1.84 2.86 4.52 3.93
4.46 6.00 6.14 7.80 4.56 1.66 5.17 9.51 5.05 2.02
5.83 4.73 6.02 9.21 5.63 6.09 3.81 1.46 9.28 5.11
8.90 8.96 7.12 3.13 6.20 3.59 5.92 7.04 5.45 9.44
9.97 8.90 5.44 6.11 6.70 9.00 6.77 1.87 8.51 1.82
2.89 4.34 5.55 7.92 3.55 1.18 4.01 6.36 1.63 3.29
1.46 9.54 2.25 7.58 2.67 7.45 1.17 7.59 4.49 5.62

7.03 4.46 4.53 2.47 9.56 1.23 1.47 6.33 2.10 8.98
7.15 4.00 3.33 2.70 1.92 5.88 2.88 4.92 2.23 3.51
7.21 2.69 3.05 8.46 9.28 4.72 5.91 9.45 2.31 9.40
5.07 8.35 3.85 8.60 9.82 3.42 8.83 1.29 8.75 9.94
9.27 5.90 3.93 2.60 7.60 4.85 7.47 9.47 8.77 8.71
2.98 5.99 1.40 5.03 4.45 9.68 8.75 9.36 9.13 1.06
8.76 4.20 8.41 2.61 2.80 8.23 5.03 1.63 8.52 3.77
1.57 7.79 8.67 4.50 9.39 6.27 8.35 6.86 5.74 7.12
5.57 7.72 3.10 5.97 2.75 6.55 5.64 1.50 5.91 4.77
1.56 4.67 7.97 8.97 6.28 9.77 7.19 1.31 1.40 5.71
