4.08 1.96 3.49 2.75 5.46 2.88 8.02 3.81 8.74 3.76
9.93 4.31 1.48 3.03 9.27 3.23 8.59 4.92 3.73 4.50
8.69 4.29 8.17 6.66 3.25 4.46 6.43 9.44 4.77 6.83
5.15 7.85 7.79 7.64 9.60 3.25 9.53 7.62 6.06 8.27
1.38 5.99 2.57 1.86 8.03 1.85 4.09 6.61 5.77 6.82
1.11 4.46 1.11 8.28 1.12 3.36 2.74 6.54 2.80 6.51
3.37 6.95 4.36 1.16 4.59 3.96 3.42 4.12 1.58 8.48
2.39 1.97 4.47 3.96 2.83 2.50 4.81 5.92 8.11 9.57
2.74 8.22 4.03 2.84 6.51 4.15 5.20 8.25 9.69 7.00
4.75 3.06 3.95 8.11 3.22 7.55 2.07 5.64 1.67 2.65

4.12 3.05 3.62 7.59 6.01 5.45 9.09 9.82 1.37 7.20
9.39 3.10 5.42 3.42 4.95 1.93 6.57 9.15 9.18 6.26
6.15 3.93 8.32 9.10 2.04 1.54 6.65 3.11 6.18 7.31
4.76 9.29 9.37 7.38 6.89 5.38 2.83 5.98 5.20 3.20
3.18 4.59 5.30 7.60 7.02 9.25 8.53 3.59 8.40 7.71
8.84 4.55 1.64 7.16 3.65 2.68 7.70 9.30 4.79 3.88
6.61 8.55 3.17 5.98 5.94 9.06 1.36 7.77 5.04 5.56
9.97 7.21 9.15 5.27 4.81 6.17 4.52 3.34 8.76 2.92
1.05 7.60 6.47 1.69 4.76 9.13 3.37 2.47 8.43 7.16
5.34 5.04 5.71 7.52 1.02 1.65 6.57 1.38 8.42 1.61
