5.08 8.08 3.69 8.98 3.98 3.91 5.76 6.90 3.98 8.46
8.21 2.91 2.86 9.15 5.62 5.53 8.00 4.31 5.64 8.76
4.82 5.66 1.07 7.56 9.62 2.50 8.55 5.17 5.48 4.06
9.93 9.57 2.14 3.62 8.54 5.12 6.53 4.30 2.02 9.50
2.76 9.24 2.42 4.62 8.39 7.04 9.14 6.39 1.34 4.79
5.15 5.17 9.45 5.22 2.72 9.07 6.72 1.28 4.24 2.20
4.34 4.17 1.77 5.49 6.79 9.31 9.61 3.32 3.62 1.63
2.82 5.38 9.87 4.24 9.00 8.26 1.28 8.14 4.66 1.62
2.93 8.81 5.79 2.38 4.03 7.51 1.45 9.75 7.79 4.69
1.95 2.13 7.87 2.72 6.62 4.65 2.04 6.23 6.97 4.65

6.86 8.79 9.03 6.73 3.03 8.03 5.00 3.30 6.17 8.65
3.92 8.09 7.46 8.71 9.47 1.49 6.22 9.92 1.24 4.01
4.61 2.20 5.15 2.48 3.92 1.77 6.13 4.96 6.99 3.10
8.61 3.86 1.90 7.65 9.59 3.92 5.67 4.58 6.23 1.84
3.24 9.15 8.93 9.70 7.86 8.40 1.19 4.08 8.32 1.43
7.10 2.93 2.63 2.24 4.41 5.55 3.01 9.54 9.51 9.00
2.65 8.12 2.86 3.54 5.76 2.45 6.47 1.44 6.03 2.69
2.28 8.27 1.84 1.20 7.97 8.70 8.60 8.15 2.79 6.92
8.58 8.89 8.85 1.21 1.13 3.26 5.75 3.14 2.80 5.26
2.15 4.45 3.38 4.00 6.99 8.14 5.45 3.46 8.58 1.49
