9.26 1.55 4.44 5.90 9.07 4.93 9.51 2.81 1.89 3.83
2.06 5.47 2.14 8.63 1.56 4.58 2.37 5.60 9.88 9.74
9.83 4.06 2.94 1.37 3.29 5.18 4.73 2.96 5.79 1.23
9.99 5.06 1.78 4.43 9.96 9.84 8.36 9.46 2.65 9.25
3.29 3.71 4.72 4.43 2.34 5.29 8.01 3.71 9.89 7.90
3.45 9.72 1.95 5.39 1.09 4.24 9.57 4.81 6.20 5.37
5.04 6.19 9.43 5.82 9.63 9.38 5.66 7.98 8.84 7.31
7.24 2.14 1.03 1.96 5.57 2.37 6.25 3.58 5.08 6.13
1.47 7.54 5.85 2.43 2.93 5.94 5.67 2.50 9.75 1.87
6.87 4.79 7.06 6.29 9.61 6.69 5.67 5.27 4.67 4.52

2.58 1.91 5.65 2.61 2.87 1.22 3.98 8.11 3.80 8.07
4.25 4.27 5.60 9.10 5.70 7.53 5.03 1.36 9.04 4.78
2.23 5.90 8.57 8.29 2.19 8.18 4.98 6.87 3.45 8.66
1.38 5.04 9.56 6.04 6.65 2.43 6.26 9.63 9.55 9.05
7.70 3.79 3.33 3.30 2.89 8.03 9.84 6.92 8.39 8.87
1.70 9.62 4.78 9.27 7.92 5.97 7.45 2.90 2.84 9.90
1.56 3.22 4.94 1.12 8.26 1.59 2.55 4.52 1.22 2.10
3.57 7.92 4.89 5.90 1.23 6.78 3.92 1.06 3.70 2.31
8.94 4.40 1.94 3.71 3.67 8.85 8.68 1.12 1.75 1.52
1.02 2.31 3.74 4.96 2.43 2.00 5.54 3.98 5.51 5.76
