5.15 9.85 8.76 5.99 1.06 6.72 4.70 8.66 4.87 6.49
5.58 3.46 5.37 4.43 3.66 5.51 6.69 8.42 7.65 8.49
3.68 8.79 2.94 6.05 2.80 8.93 4.19 7.25 2.38 2.77
7.74 6.53 2.63 6.49 2.52 2.68 3.22 6.21 1.34 7.09
2.70 5.92 9.54 7.07 9.35 3.21 2.58 6.04 1.62 9.22
4.53 4.30 8.02 6.46 9.35 9.81 5.39 3.54 7.06 6.77
5.32 4.80 3.30 6.94 1.30 4.82 8.62 3.51 1.04 8.97
9.60 2.74 4.89 9.15 8.81 4.24 2.35 1.39 9.28 2.98
9.61 3.81 6.27 7.63 9.27 5.62 7.44 4.66 8.17 4.51
1.43 3.49 8.31 3.74 9.43 8.60 7.56 8.05 2.12 7.59

7.02 1.72 9.33 1.91 9.86 8.14 5.15 2.21 8.53 4.43
4.19 8.14 7.23 9.46 5.77 6.50 5.09 3.21 1.16 3.26
6.71 1.59 5.74 5.02 4.33 5.17 3.63 1.89 3.22 4.74
8.48 9.24 5.46 7.81 1.15 5.32 5.95 5.30 6.54 4.48
8.72 9.73 2.62 5.96 9.19 7.39 2.46 4.28 9.59 2.62
6.54 6.31 3.21 2.28 1.33 6.54 6.45 3.96 7.43 8.67
7.70 5.91 7.91 3.16 3.73 8.06 7.48 8.68 3.36 4.02
3.16 2.08 3.74 4.78 7.04 2.93 2.17 8.49 6.21 1.76
1.11 2.75 7.07 3.32 4.03 7.40 8.86 9.48 1.36 6.30
8.15 8.06 2.21 6.06 1.22 4.94 4.13 7.70 3.62 6.48
