6.05 1.17 6.13 6.00 6.70 6.74 2.78 6.15 7.93 3.70
5.69 8.34 9.79 1.12 9.14 8.42 1.55 4.19 3.01 7.99
3.82 7.13 3.08 4.84 3.39 9.72 9.57 8.32 2.22 7.67
8.72 7.27 7.84 4.85 3.27 4.53 1.60 5.05 9.68 8.52
7.75 5.37 6.87 7.54 5.49 6.00 5.96 6.04 9.19 7.97
4.03 3.01 5.10 6.11 6.84 7.49 5.84 6.41 5.81 7.06
4.08 4.53 4.33 1.91 8.38 6.60 5.45 8.98 1.65 5.13
7.50 8.39 9.49 4.37 5.93 4.98 9.38 1.89 1.02 8.57
8.87 4.05 1.57 3.96 9.16 7.42 1.45 5.00 3.83 6.26
2.05 6.90 9.79 5.38 7.82 8.17 1.98 3.27 7.15 2.63

7.40 4.65 1.02 6.89 8.02 5.95 1.87 7.39 6.84 1.89
5.96 5.71 4.95 6.53 8.67 4.11 3.95 9.12 8.11 6.78
5.38 9.16 3.68 5.17 4.54 1.50 3.34 5.52 3.77 9.49
7.15 1.16 4.14 7.17 7.05 2.16 3.12 7.93 8.55 8.96
8.82 4.51 4.67 3.77 1.05 3.34 6.88 4.00 2.47 4.99
9.78 6.85 4.15 3.46 2.02 7.70 3.96 4.36 3.22 6.73
3.85 9.37 6.89 6.99 6.55 3.95 8.15 8.67 1.87 6.70
7.63 9.70 1.21 2.30 3.47 1.26 4.65 9.35 4.25 6.11
4.33 4.03 2.96 7.49 6.49 3.98 5.19 9.45 7.34 7.41
6.17 1.19 6.78 3.07 7.18 3.33 6.01 5.32 1.99 6.89
