2.02 8.62 6.58 2.23 9.93 9.05 2.49 4.57 8.40 5.74
9.68 2.73 8.77 2.64 9.22 5.25 5.62 4.40 4.70 2.96
1.81 9.87 3.15 7.59 2.94 9.33 9.92 7.95 4.65 1.91
4.84 5.67 9.54 1.42 6.90 9.46 9.47 8.39 4.04 7.87
4.13 3.72 9.60 2.89 5.37 8.82 7.15 9.99 3.22 1.85
2.95 4.03 1.72 5.10 1.62 3.66 4.42 1.54 1.62 8.07
2.46 5.46 3.74 2.00 5.88 9.64 1.46 5.36 8.03 4.50
3.23 2.15 7.22 2.83 4.04 2.58 1.64 1.19 2.57 3.87
2.04 4.52 6.90 2.76 8.61 7.52 5.42 3.03 8.07 6.04
1.10 9.52 1.49 3.84 1.52 6.37 3.48 1.98 1.73 1.51

5.48 3.96 2.66 2.70 5.78 5.71 4.28 6.43 5.90 5.85
9.29 6.94 9.37 6.19 8.70 7.98 3.72 4.12 1.02 1.78
9.16 1.12 1.31 9.65 3.97 1.83 6.02 6.45 2.81 6.75
6.96 7.29 9.71 8.63 8.98 5.49 4.33 3.27 1.92 9.23
8.12 1.22 6.17 7.49 6.41 4.87 5.47 9.12 7.98 5.49
9.91 7.14 5.62 1.21 6.79 8.58 2.04 2.81 5.04 3.85
8.57 2.00 1.14 8.28 9.63 9.12 3.77 3.96 2.39 4.69
3.19 9.50 4.91 8.36 7.00 1.32 3.22 2.47 9.44 1.21
6.96 9.35 7.35 2.58 9.56 4.14 1.16 1.61 5.95 5.20
4.46 4.52 6.20 4.59 2.80 5.82 3.71 5.57 8.78 5.10
