3.94 7.48 9.45 8.01 1.61 6.75 6.48 1.26 4.87 9.54
5.80 5.90 6.94 8.44 7.87 5.79 1.88 4.50 1.46 5.71
9.45 1.60 2.86 2.63 8.40 5.53 1.61 1.16 5.03 7.05
7.07 7.97 4.53 6.51 5.98 5.13 3.26 2.45 5.39 7.13
1.99 1.19 3.03 7.93 8.63 9.89 3.73 9.51 4.40 4.19
5.23 3.84 4.79 7.08 5.47 3.19 2.61 6.08 3.35 6.64
3.13 9.42 4.60 6.66 5.93 9.58 1.79 8.19 2.03 6.18
5.32 3.02 6.38 7.35 9.96 5.01 7.24 3.68 4.52 1.63
6.87 8.74 4.47 1.66 5.83 8.95 3.85 7.44 5.02 6.20
4.08 7.15 5.62 7.68 3.81 1.55 7.26 4.60 8.74 8.29

9.79 4.06 1.32 6.16 1.40 1.27 1.17 7.64 3.96 4.69
8.28 9.83 3.43 2.75 1.49 8.26 1.70 4.34 5.70 5.72
9.53 8.77 2.87 5.15 6.45 5.68 5.70 3.71 9.29 4.43
2.01 9.07 7.49 2.32 5.24 7.90 2.60 5.41 5.54 5.56
9.09 3.82 5.39 2.53 5.57 5.87 9.78 6.27 9.21 5.48
1.99 8.74 4.25 3.87 3.89 9.71 8.55 8.59 3.42 7.84
3.02 4.43 6.91 9.51 5.75 2.15 7.41 7.35 6.55 2.95
2.90 5.65 5.77 7.29 7.17 1.35 3.16 6.95 6.62 2.37
2.43 7.62 1.12 5.69 1.48 4.01 5.39 9.04 2.60 7.82
6.88 4.62 2.24 3.79 4.14 7.00 4.93 1.55 4.35 1.49
