4.03 5.22 5.33 7.73 9.32 3.05 3.92 1.37 4.89 4.57
7.23 9.53 4.92 9.47 5.41 6.95 2.43 5.37 3.25 3.98
1.19 4.91 8.13 7.72 1.02 3.85 2.62 8.96 6.69 6.85
5.68 9.71 2.07 1.01 7.45 1.40 3.06 1.37 1.77 6.95
4.94 8.00 6.48 8.86 7.47 1.89 5.81 8.89 6.26 8.06
2.87 6.45 2.97 1.00 4.17 2.99 3.85 5.79 1.95 9.54
2.64 6.63 9.25 3.71 6.64 6.70 4.11 8.70 7.06 4.88
5.64 2.00 2.88 2.12 9.86 9.34 3.02 5.67 8.24 8.28
3.73 1.10 4.73 5.71 1.11 7.91 7.70 3.95 3.70 8.65
3.49 5.34 5.28 2.74 8.05 1.92 8.43 2.16 9.62 5.50

6.04 5.27 6.50 7.91 6.39 6.36 7.26 8.41 2.03 5.49
6.69 4.76 5.60 1.42 9.47 5.70 8.33 7.16 8.66 2.03
5.81 2.14 6.36 1.09 3.88 4.42 2.02 2.32 5.58 1.64
6.82 1.62 5.90 3.31 8.53 2.30 8.67 5.79 9.71 9.70
1.28 6.40 4.46 5.87 6.82 3.92 1.57 5.15 1.09 9.23
6.17 5.90 1.38 2.54 5.99 4.26 5.95 7.01 5.58 1.53
7.65 2.39 2.15 3.55 4.71 9.67 4.85 3.37 5.46 4.56
3.07 5.74 9.95 6.53 1.61 6.77 9.45 2.19 1.92 9.54
1.42 7.10 5.44 1.79 8.63 1.43 5.05 4.59 7.44 9.63
5.12 5.09 2.02 6.26 7.64 5.73 5.94 2.49 8.10 1.40
