3.50 6.25 6.13 8.28 3.54 3.31 8.62 5.70 9.26 5.25
7.08 1.69 2.86 7.20 6.38 3.35 1.21 1.78 2.39 2.81
8.59 8.26 6.43 9.84 2.05 9.56 6.83 5.98 1.11 1.18
6.47 3.61 6.43 2.60 1.89 8.97 4.91 9.51 4.67 4.17
4.76 1.75 4.86 6.62 7.95 1.25 8.97 8.16 2.02 1.35
9.96 9.61 8.61 6.39 9.45 9.66 5.95 6.28 5.65 6.06
6.46 2.11 8.67 2.89 3.72 9.55 1.86 7.63 9.06 5.53
1.80 3.82 6.28 5.66 9.44 4.23 5.91 8.41 2.39 6.93
8.76 2.35 6.54 7.38 7.74 5.99 7.04 3.68 2.27 2.68
8.74 7.73 3.80 7.41 9.62 6.52 6.96 1.48 4.14 6.03

6.01 4.94 8.85 2.30 9.60 8.29 5.53 5.51 6.70 6.92
2.44 5.46 8.27 7.98 2.83 6.00 3.97 8.87 8.69 5.24
1.55 7.43 2.98 4.35 4.84 2.60 9.87 1.80 3.08 4.01
6.83 8.09 7.96 5.67 9.39 7.56 3.96 4.92 3.07 9.66
1.84 4.51 5.11 9.11 2.49 6.95 5.12 5.46 5.82 3.80
9.70 6.37 1.23 2.68 9.72 5.07 4.27 9.59 5.87 6.35
3.61 2.70 4.45 1.56 7.37 3.84 8.12 1.33 7.77 1.19
9.99 8.61 4.70 5.10 7.72 6.19 2.05 2.84 1.65 6.86
5.64 1.35 3.23 5.88 3.03 2.96 9.95 6.30 2.55 5.83
2.66 5.16 7.53 6.11 5.72 4.90 8.95 3.84 5.23 6.72
