1.08 8.03 5.72 7.91 5.25 9.46 6.68 3.62 1.99 8.87
9.32 9.95 8.17 3.77 6.31 8.35 5.99 1.37 2.91 3.67
1.27 8.93 6.84 4.89 3.90 8.34 5.78 6.26 2.29 8.30
9.65 2.37 6.33 5.37 9.28 1.58 4.83 5.96 4.20 5.83
4.83 3.52 5.78 3.00 6.29 2.08 1.35 2.28 2.45 3.26
4.95 2.73 2.19 1.79 6.62 5.09 9.14 2.40 1.35 1.43
9.70 10.00 2.79 6.03 5.37 2.07 6.60 9.20 7.03 9.80
5.02 1.86 3.32 9.80 3.86 8.60 1.88 4.21 9.88 3.34
6.47 4.83 5.06 7.66 5.62 1.68 2.75 4.75 3.08 3.10
5.18 2.78 3.10 6.97 7.81 7.46 8.05 4.41 6.66 5.08

4.21 1.68 5.94 6.52 1.48 8.80 5.13 2.37 3.01 5.01
4.70 8.49 8.83 8.77 6.15 4.45 9.45 7.90 8.21 2.53
10.00 3.39 4.31 3.10 9.36 2.12 9.56 7.41 5.53 6.22
2.49 8.73 6.90 7.43 5.26 7.39 6.23 9.38 8.76 8.25
4.39 3.46 6.73 3.22 2.23 2.88 6.67 1.68 9.78 4.88
3.21 9.78 7.27 6.53 2.88 6.63 7.64 2.44 4.03 3.17
7.66 5.52 1.91 4.56 2.95 6.16 1.95 8.18 5.55 9.71
6.43 8.94 3.17 3.16 2.16 4.40 5.04 7.83 5.08 4.82
2.71 7.29 4.60 8.98 3.81 6.48 5.61 1.46 7.92 8.64
3.63 5.58 4.16 4.54 9.14 6.10 9.70 1.09 4.28 5.25
