2.89 3.97 9.92 7.61 4.18 2.83 9.86 3.10 1.29 3.65
7.45 8.13 1.15 8.10 5.82 3.39 1.56 4.39 6.00 2.71
7.55 6.77 7.79 7.31 6.72 5.27 9.90 8.46 4.03 3.90
4.82 5.92 6.87 4.73 3.53 1.05 6.56 3.39 3.15 6.85
6.04 9.60 4.98 6.19 7.71 9.80 8.58 8.27 4.19 4.58
9.98 1.74 1.35 7.77 8.05 7.07 3.04 7.95 5.53 6.07
1.85 9.35 1.98 7.71 4.08 4.51 7.76 9.64 6.90 9.91
6.49 2.94 9.51 1.47 8.13 7.22 1.27 6.71 5.49 4.46
1.29 5.46 5.21 1.64 3.24 3.26 7.71 5.28 1.21 3.25
1.34 2.06 2.60 2.32 8.77 5.68 5.84 6.53 5.32 2.74

6.44 1.81 4.68 5.96 2.29 2.81 3.18 2.56 8.52 7.66
6.02 8.81 3.13 1.23 9.46 5.36 3.49 7.17 9.64 3.70
9.42 9.98 4.75 2.02 2.30 3.52 6.70 7.14 9.06 2.02
8.87 5.50 2.84 3.55 1.45 4.12 5.36 3.63 5.68 3.89
1.29 1.70 2.70 3.42 1.93 2.16 7.79 4.42 8.33 7.42
7.12 7.75 7.40 1.87 8.77 8.70 4.39 5.47 5.84 3.45
6.49 4.72 7.95 8.33 7.27 8.40 2.45 2.63 2.03 7.13
5.52 2.32 7.83 7.22 4.75 8.77 8.37 2.53 3.19 6.70
8.96 9.30 4.45 6.36 1.17 3.22 5.06 4.57 7.68 9.90
7.02 4.17 4.62 4.96 2.50 1.89 3.36 3.95 3.52 4.39
