5.09 6.66 8.69 5.58 5.96 6.56 1.50 9.68 2.36 2.68
8.98 1.26 8.78 3.72 8.44 3.42 3.19 9.19 4.59 5.60
5.56 4.25 4.64 9.39 7.18 9.07 3.60 7.26 2.24 3.84
7.76 6.33 9.50 6.45 1.91 5.46 3.01 2.41 5.15 4.37
4.09 4.13 4.63 2.87 6.85 3.07 5.29 9.04 2.25 8.89
4.64 6.82 3.13 8.28 6.21 9.31 7.35 8.82 6.57 8.60
2.66 4.32 4.93 2.16 9.77 5.84 6.62 2.78 7.26 1.77
6.16 1.34 4.90 9.79 3.22 1.75 2.85 7.51 9.78 4.11
6.40 4.42 9.93 8.53 2.70 6.14 7.84 9.06 4.96 4.41
7.65 6.62 7.73 2.59 7.78 7.50 7.43 4.40 9.29 4.68

5.17 5.44 5.03 9.07 5.23 7.25 9.81 7.09 4.76 9.60
1.19 1.15 4.02 1.12 8.68 5.72 6.26 6.53 4.78 1.22
9.93 2.43 6.84 7.67 4.02 4.61 5.17 1.45 8.01 4.46
5.13 3.18 8.90 9.16 2.24 4.13 6.41 2.05 1.22 1.16
1.65 1.42 1.31 4.67 1.54 9.00 9.39 6.80 5.52 4.17
7.02 5.46 5.61 3.86 3.12 8.62 7.47 7.29 9.07 5.48
1.75 4.20 7.66 9.65 3.36 8.90 3.79 8.77 9.95 4.01
8.93 1.60 4.42 9.25 5.27 4.96 8.24 4.67 1.76 3.77
7.84 7.78 8.22 3.44 1.64 1.35 2.07 8.11 7.64 1.14
3.59 8.39 4.34 1.24 8.04 6.71 9.14 1.82 5.48 9.10
