4.83 4.41 9.70 8.25 3.65 4.98 3.21 1.90 8.64 3.97
4.67 6.48 1.75 2.89 8.92 2.39 3.24 9.99 9.50 9.88
1.13 3.08 8.26 4.47 3.33 6.30 1.18 2.47 7.13 5.65
1.56 1.96 9.06 1.26 9.21 2.72 5.24 2.42 3.61 3.88
5.39 7.28 9.36 6.15 9.17 8.29 7.54 2.41 8.28 7.03
2.28 8.41 9.12 9.55 2.88 2.45 5.85 3.06 3.91 2.98
7.71 4.48 3.93 6.78 4.74 3.15 8.49 8.98 4.57 2.11
2.86 8.96 8.39 2.22 5.11 7.56 9.51 2.65 8.97 7.79
8.68 1.25 6.20 7.80 9.80 8.08 9.24 5.65 1.14 3.16
7.62 7.86 6.63 1.56 4.63 1.38 3.70 3.13 9.36 7.27

4.23 2.22 6.23 2.62 3.44 1.34 9.18 2.95 2.99 8.15
9.74 1.67 8.40 5.94 8.47 8.19 4.02 7.72 3.84 4.16
9.87 1.46 2.02 6.51 2.02 5.65 6.88 4.73 7.78 6.24
2.00 2.01 7.46 7.23 3.63 9.90 7.58 2.81 2.85 9.57
9.95 2.59 1.24 8.35 7.53 8.71 6.54 1.55 6.43 9.39
4.71 6.30 9.85 5.73 2.81 1.87 1.38 8.69 5.60 8.16
4.93 6.60 9.17 2.39 3.83 2.80 2.29 1.41 4.61 4.13
9.97 4.56 5.72 1.21 2.91 3.25 8.92 8.46 3.79 5.35
7.84 7.50 1.65 7.69 3.23 3.46 8.56 3.61 2.15 4.16
1.77 6.08 9.76 9.94 7.47 3.59 2.74 8.76 4.00 6.35
