9.80 9.71 4.18 2.97 2.87 5.34 6.37 6.91 3.18 1.45
1.73 4.89 7.74 5.34 3.87 1.55 1.82 8.48 2.01 8.74
7.12 4.64 4.32 1.27 8.18 3.46 6.38 7.88 3.55 9.66
3.13 3.36 9.37 6.31 5.33 2.24 1.66 1.70 8.15 3.84
2.14 8.89 7.73 8.88 4.23 1.60 9.43 5.05 9.08 1.44
3.79 6.20 5.08 7.11 6.47 3.26 9.57 2.85 1.14 3.12
2.51 3.27 5.48 1.88 8.59 9.81 3.12 9.24 1.50 1.28
3.08 2.65 9.17 9.81 1.53 3.39 1.41 9.96 7.44 9.50
1.40 1.23 5.69 5.48 7.33 2.16 7.74 6.90 4.01 7.89
9.02 5.51 1.16 4.50 6.39 8.74 4.31 8.52 7.99 4.81

8.80 1.07 6.46 7.96 9.88 6.99 1.35 1.29 6.95 7.79
9.79 7.34 8.02 5.48 2.82 5.35 6.64 9.57 2.25 9.65
7.45 1.27 5.16 7.61 4.78 1.55 6.36 8.09 9.07 4.34
2.90 7.86 4.41 8.36 5.83 4.29 5.35 6.18 4.58 2.30
3.97 4.37 8.64 1.99 8.85 1.47 6.34 5.49 1.03 7.59
5.14 7.49 7.86 9.30 5.10 2.64 9.85 1.46 9.73 8.92
4.80 2.63 6.78 8.21 9.99 2.60 2.50 5.34 7.78 6.08
6.64 1.76 9.45 5.28 2.74 8.30 5.75 8.08 3.79 5.78
5.67 7.92 3.27 3.54 7.22 7.38 5.18 7.07 7.83 4.91
5.98 2.63 6.54 2.76 9.84 6.53 4.37 2.34 1.87 2.15
