4.07 5.59 3.29 5.20 6.96 7.83 3.28 6.43 1.11 2.90
5.51 5.59 5.07 9.59 8.47 6.07 8.19 6.99 6.17 8.76
8.72 3.14 4.35 2.96 3.13 1.32 3.01 5.08 9.93 5.70
7.35 3.99 1.29 9.65 8.19 7.25 7.48 1.47 3.69 7.59
3.37 8.20 3.18 7.44 7.79 1.65 3.52 5.98 7.64 8.68
4.74 6.36 1.82 8.09 8.32 3.96 8.41 1.33 8.03 8.34
6.03 5.39 2.33 6.32 5.03 9.52 3.57 2.51 9.99 6.26
9.10 3.37 4.45 2.28 9.81 2.24 2.94 3.32 7.22 9.57
2.00 1.95 5.93 2.82 9.05 4.24 5.78 7.46 4.57 3.81
5.80 9.60 8.20 7.13 5.92 3.23 6.66 8.49 4.74 6.65

4.74 3.84 9.02 8.20 5.13 8.82 9.44 7.07 2.14 6.65
6.64 3.15 7.61 2.57 4.97 6.66 5.81 9.75 4.12 9.39
3.57 8.92 8.99 1.76 6.05 4.90 3.99 2.71 3.39 7.73
8.36 7.13 1.58 7.37 5.33 5.71 6.20 4.77 2.77 7.34
1.42 8.41 9.49 8.03 9.98 4.46 4.69 5.79 4.22 7.80
5.18 6.78 6.72 4.17 7.55 2.77 8.07 1.54 4.48 1.46
8.27 2.83 7.59 8.85 9.21 2.92 4.55 5.40 6.69 6.33
2.74 7.11 4.74 2.23 5.14 4.72 5.69 8.82 9.51 8.91
6.62 4.69 5.69 3.34 7.86 3.24 5.11 5.93 3.78 8.59
6.38 2.05 1.42 3.97 9.90 9.63 5.89 4.45 5.03 2.58
