6.38 3.88 1.10 7.46 1.99 2.73 5.99 5.76 2.38 6.47
8.82 8.05 2.68 9.98 7.99 4.96 4.83 6.72 9.58 3.32
1.85 9.25 9.41 4.46 7.93 9.92 5.07 6.55 2.02 8.71
9.65 7.40 2.59 9.75 4.87 3.58 2.48 9.86 8.33 3.86
6.33 7.16 1.91 8.01 7.14 8.90 2.97 1.97 5.61 2.55
4.29 6.46 1.81 3.70 9.92 8.73 3.62 5.00 5.28 4.64
3.71 4.94 2.05 5.29 4.69 5.91 7.87 6.17 5.77 6.21
9.03 2.10 3.36 9.94 9.11 9.50 8.84 2.08 1.47 4.45
3.64 4.76 9.91 4.44 7.46 9.84 3.18 1.08 4.83 7.46
4.72 7.54 2.40 5.76 2.83 6.09 1.67 9.71 2.26 6.44

5.91 1.28 7.54 8.27 1.22 6.65 7.77 9.06 7.73 8.25
3.51 1.37 3.01 3.42 4.81 9.46 3.26 6.99 9.54 7.09
4.45 4.26 4.63 5.86 9.02 6.47 1.95 9.70 6.17 3.20
6.14 2.09 3.49 3.68 9.36 3.71 9.33 7.13 2.77 7.06
5.38 5.28 7.43 7.38 7.71 2.24 6.85 9.96 8.24 6.39
7.06 2.69 9.64 1.69 7.55 8.67 7.16 8.49 8.36 3.34
1.70 4.50 4.42 4.19 7.18 3.78 6.90 6.51 9.91 8.67
3.58 5.28 3.95 1.01 2.67 1.66 2.25 8.51 1.62 9.49
4.90 7.68 2.18 4.54 8.37 8.72 3.21 5.53 7.21 1.57
7.87 7.91 5.07 2.29 2.10 2.25 5.07 8.00 7.77 4.98
