9.08 3.15 3.46 8.34 3.04 7.08 7.92 6.35 1.38 1.95
2.34 2.74 9.26 4.72 7.21 8.18 9.80 6.53 1.48 7.64
4.59 4.75 2.07 7.65 4.87 3.05 7.31 6.51 3.66 8.69
7.20 2.74 1.85 9.66 1.08 3.89 6.74 8.00 9.24 7.12
8.96 1.58 8.86 8.21 5.30 6.07 6.39 5.10 2.60 6.87
2.74 6.19 1.62 3.82 3.84 5.49 5.86 1.15 2.00 8.52
8.84 8.20 1.26 9.69 7.87 1.34 3.58 4.61 8.35 2.82
1.74 7.30 3.41 9.60 5.52 7.71 5.66 1.91 2.81 7.27
7.78 4.56 3.45 8.40 7.37 6.29 3.89 3.24 6.43 4.89
1.76 5.27 3.10 2.02 4.96 9.97 2.36 7.54 4.58 9.71

9.36 5.31 7.01 2.77 4.91 2.53 9.48 9.57 3.44 2.29
6.84 1.21 5.84 9.29 8.62 3.22 5.58 2.51 5.45 2.01
6.40 6.21 6.29 8.50 7.23 1.25 8.47 8.59 7.79 3.04
8.29 7.15 7.35 5.30 8.92 2.26 6.83 8.39 1.83 9.26
9.68 7.67 9.48 5.52 6.96 8.09 7.74 2.53 9.60 3.20
3.55 6.01 8.41 8.84 4.51 5.63 9.09 2.98 4.22 6.88
5.02 2.51 4.03 2.37 6.81 2.94 3.63 3.64 1.34 4.46
2.90 1.02 2.13 2.38 5.54 8.08 9.47 3.28 9.62 9.08
5.48 3.17 5.08 3.88 2.01 8.59 8.51 1.09 1.57 2.73
6.97 5.59 4.24 10.00 6.97 1.05 2.94 9.60 3.69 3.28
