6.67 1.34 9.26 9.62 1.35 1.93 1.28 2.60 9.44 1.90
2.09 4.34 8.59 3.26 7.89 6.96 1.99 1.10 2.50 8.20
1.67 9.37 6.11 5.74 1.66 7.21 7.00 5.73 5.20 4.76
9.70 1.87 5.11 8.96 1.49 5.45 9.89 1.77 7.05 9.33
2.68 8.14 3.67 1.26 1.40 1.56 7.23 2.39 1.65 8.72
9.59 2.32 8.09 5.70 7.06 8.74 2.91 4.06 4.47 7.11
7.83 4.17 7.99 2.93 3.13 8.48 7.38 3.02 9.25 4.44
2.35 1.93 2.58 5.03 2.19 2.98 5.58 8.42 4.37 6.23
7.14 3.96 7.56 5.23 8.66 4.62 3.97 1.57 7.68 7.44
7.68 5.51 1.61 5.67 7.44 3.74 4.15 4.82 5.77 3.40

8.26 7.12 4.32 9.84 2.15 5.52 2.82 6.73 3.93 6.19
2.96 1.07 9.15 9.52 5.30 7.81 4.14 8.27 8.38 1.82
5.70 6.06 6.33 6.31 1.73 3.77 9.06 4.88 7.60 4.83
7.28 5.86 1.95 1.60 5.70 3.10 6.12 7.52 8.83 9.05
3.71 1.79 9.12 2.86 1.31 4.42 9.67 4.45 2.68 8.06
5.28 7.39 4.12 1.61 3.70 4.85 4.38 2.76 8.73 1.98
6.59 6.00 6.83 7.54 6.60 2.53 9.64 2.72 9.05 8.47
1.77 2.76 9.26 9.89 4.62 9.58 4.31 4.30 4.03 5.99
2.35 8.31 3.38 5.47 8.92 6.08 9.32 3.30 7.84 8.05
4.28 4.43 4.06 1.11 1.97 9.66 2.64 1.61 2.38 1.69
