9.78 6.77 8.69 4.52 8.00 3.82 8.23 3.69 2.64 7.74
2.61 8.27 2.44 7.30 1.61 9.29 9.54 5.72 5.22 3.32
4.31 1.60 4.37 4.73 4.58 4.27 4.36 9.47 7.72 8.39
2.05 7.50 5.16 9.74 2.02 3.16 3.56 9.25 5.85 5.20
7.00 7.46 3.47 8.43 4.76 4.08 7.72 4.30 8.80 2.94
6.62 3.11 3.54 9.99 6.84 7.12 4.26 1.19 6.59 1.98
8.58 7.64 8.48 3.74 7.38 9.50 5.89 9.94 8.75 1.75
5.14 5.75 8.20 7.61 4.18 2.96 1.69 1.90 6.26 9.49
3.85 2.88 2.60 6.39 2.86 8.43 3.51 6.12 8.62 9.10
7.10 7.20 6.74 5.58 9.94 4.12 5.09 5.83 4.06 3.84

6.58 8.21 8.59 4.79 5.82 2.77 6.75 6.51 3.68 3.01
6.00 6.52 4.88 7.59 2.91 6.74 6.02 5.42 2.86 4.65
4.52 8.96 1.85 1.27 4.55 1.79 4.39 8.64 6.63 7.46
2.48 3.21 5.66 1.07 6.99 1.48 2.84 3.74 6.99 5.52
5.75 2.98 2.04 9.63 9.58 3.96 6.37 5.60 8.38 8.23
9.25 2.90 7.19 1.10 3.17 1.74 1.89 6.56 9.38 7.52
4.01 1.86 9.72 8.68 1.93 6.72 9.15 3.77 9.46 6.14
8.29 5.20 8.12 9.34 4.83 7.70 3.29 1.20 3.30 1.67
8.43 2.55 3.57 5.62 2.64 5.74 6.36 3.54 2.29 5.74
1.05 5.31 6.60 9.78 3.98 7.52 6.49 3.14 1.30 5.95
